#
#Z	N	BET01	DELB01	GAM01	DELG01	delta-Z	delta-N	beta-eff	
10	8	0.393	0.087	27	13	2	0	0.393	0
10	10	0.398	0.087	24	13	2	2	0.398	0
10	12	0.45	0.098	24	12	2	4	0.45	0
10	14	0.392	0.085	27	13	2	6	0.392	0
10	16	0.385	0.09	27	13	2	4	0.385	0
10	18	0.374	0.096	26	13	2	2	0.374	0
10	20	0.355	0.073	26	13	2	0	0.355	0
10	22	0.36	0.083	25	13	2	2	0.36	0
10	24	0.395	0.086	22	13	2	4	0.395	0
12	8	0.372	0.071	28	13	4	0	0.372	0
12	10	0.41	0.082	25	13	4	2	0.41	0
12	12	0.376	0.066	27	13	4	4	0.376	0
12	14	0.412	0.081	28	13	4	6	0.412	0
12	16	0.403	0.086	27	13	4	4	0.403	0
12	18	0.386	0.091	26	13	4	2	0.386	0
12	20	0.356	0.072	27	13	4	0	0.356	0
12	22	0.37	0.079	25	12	4	2	0.37	0
12	24	0.363	0.071	24	12	4	4	0.363	0
12	26	0.446	0.1	20	11	4	2	0.446	0
12	28	0.402	0.08	24	12	4	0	0.402	0
14	10	0.402	0.085	27	13	6	2	0.402	0
14	12	0.414	0.081	28	13	6	4	0.414	0
14	14	0.405	0.087	27	11	6	6	0.405	0
14	16	0.398	0.09	29	13	6	4	0.398	0
14	18	0.371	0.093	28	13	6	2	0.371	0
14	20	0.345	0.072	29	13	6	0	0.345	0
14	22	0.377	0.093	28	13	6	2	0.377	0
14	24	0.351	0.074	28	13	6	4	0.351	0
14	26	0.392	0.087	29	13	6	2	0.392	0
14	28	0.375	0.089	33	12	6	0	0.375	0
14	30	0.343	0.083	33	13	6	2	0.343	0
14	32	0.323	0.082	31	13	6	4	0.323	0
14	34	0.334	0.077	31	13	6	6	0.334	0
16	10	0.391	0.087	27	13	4	2	0.391	0
16	12	0.445	0.102	26	13	4	4	0.445	0
16	14	0.401	0.089	29	13	4	6	0.401	0
16	16	0.34	0.075	30	13	4	4	0.34	0
16	18	0.343	0.098	28	13	4	2	0.343	0
16	20	0.312	0.071	29	13	4	0	0.312	0
16	22	0.312	0.075	27	13	4	2	0.312	0
16	24	0.33	0.077	26	13	4	4	0.33	0
16	26	0.349	0.091	23	13	4	2	0.349	0
16	28	0.328	0.08	27	12	4	0	0.328	0
16	30	0.315	0.082	29	13	4	2	0.315	0
16	32	0.3	0.084	29	13	4	4	0.3	0
16	34	0.291	0.07	29	13	4	6	0.291	0
16	36	0.317	0.09	28	13	4	8	0.317	0
18	14	0.378	0.09	29	13	2	6	0.378	0
18	16	0.349	0.096	28	13	2	4	0.349	0
18	18	0.304	0.076	28	12	2	2	0.304	0
18	20	0.297	0.079	28	13	2	0	0.297	0
18	22	0.305	0.099	26	13	2	2	0.305	0
18	24	0.312	0.089	25	13	2	4	0.312	0
18	26	0.311	0.088	26	13	2	2	0.311	0
18	28	0.276	0.073	30	12	2	0	0.276	0
18	30	0.267	0.079	31	13	2	2	0.267	0
18	32	0.263	0.078	32	13	2	4	0.263	0
18	34	0.266	0.077	32	12	2	6	0.266	0
18	36	0.275	0.077	31	13	2	8	0.275	0
18	38	0.278	0.076	30	13	2	10	0.278	0
18	40	0.286	0.073	29	13	2	10	0.286	0
18	42	0.307	0.093	27	13	2	8	0.307	0
18	44	0.304	0.08	27	13	2	6	0.304	0
20	16	0.32	0.073	29	13	0	4	0.32	0
20	18	0.278	0.107	27	13	0	2	0.278	0
20	20	0.327	0.128	25	12	0	0	0.327	0
20	22	0.251	0.106	25	13	0	2	0.251	0
20	24	0.274	0.104	24	13	0	4	0.274	0
20	26	0.267	0.092	26	13	0	2	0.267	0
20	28	0.234	0.078	28	12	0	0	0.234	0
20	30	0.22	0.077	30	13	0	2	0.22	0
20	32	0.211	0.078	29	13	0	4	0.211	0
20	34	0.216	0.082	28	13	0	6	0.216	0
20	36	0.226	0.096	28	13	0	8	0.226	0
20	38	0.23	0.097	28	13	0	10	0.23	0
20	40	0.259	0.106	27	13	0	10	0.259	0
20	42	0.243	0.099	26	13	0	8	0.243	0
20	44	0.221	0.095	27	13	0	6	0.221	0
20	46	0.208	0.082	26	13	0	4	0.208	0
22	18	0.276	0.113	26	13	2	2	0.276	0
22	20	0.262	0.111	25	13	2	0	0.262	0
22	22	0.24	0.102	24	12	2	2	0.24	0
22	24	0.265	0.099	23	12	2	4	0.265	0
22	26	0.26	0.092	25	13	2	2	0.26	0
22	28	0.222	0.077	27	12	2	0	0.222	0
22	30	0.234	0.085	27	13	2	2	0.234	0
22	32	0.223	0.082	27	13	2	4	0.223	0
22	34	0.225	0.086	27	13	2	6	0.225	0
22	36	0.232	0.096	26	13	2	8	0.232	0
22	38	0.248	0.104	25	13	2	10	0.248	0
22	40	0.246	0.099	25	13	2	10	0.246	0
22	42	0.215	0.083	24	12	2	8	0.215	0
22	44	0.211	0.08	24	12	2	6	0.211	0
22	46	0.213	0.073	24	13	2	4	0.213	0
22	48	0.201	0.064	26	13	2	2	0.201	0
22	50	0.188	0.064	28	13	2	0	0.188	0
22	52	0.191	0.066	28	13	2	2	0.191	0
24	20	0.289	0.111	24	13	4	0	0.289	0
24	22	0.269	0.102	23	12	4	2	0.269	0
24	24	0.333	0.09	19	11	4	4	0.333	0
24	26	0.309	0.097	21	12	4	2	0.309	0
24	28	0.258	0.083	26	12	4	0	0.258	0
24	30	0.26	0.087	25	13	4	2	0.26	0
24	32	0.271	0.088	24	13	4	4	0.271	0
24	34	0.262	0.091	25	13	4	6	0.262	0
24	36	0.293	0.102	23	13	4	8	0.293	0
24	38	0.318	0.101	21	12	4	10	0.318	0
24	40	0.289	0.1	22	12	4	10	0.289	0
24	42	0.261	0.093	22	12	4	8	0.261	0
24	44	0.254	0.089	22	12	4	6	0.254	0
24	46	0.237	0.074	22	12	4	4	0.237	0
24	48	0.221	0.066	24	12	4	2	0.221	0
24	50	0.193	0.063	27	13	4	0	0.193	0
24	52	0.196	0.065	28	13	4	2	0.196	0
24	54	0.203	0.066	26	13	4	4	0.203	0
24	56	0.182	0.066	27	13	4	6	0.182	0
26	20	0.279	0.095	26	13	2	0	0.279	0
26	22	0.269	0.095	24	13	2	2	0.269	0
26	24	0.311	0.097	21	12	2	4	0.311	0
26	26	0.32	0.092	20	12	2	2	0.32	0
26	28	0.278	0.084	27	12	2	0	0.278	0
26	30	0.256	0.079	27	13	2	2	0.256	0
26	32	0.27	0.077	25	13	2	4	0.27	0
26	34	0.27	0.082	25	13	2	6	0.27	0
26	36	0.266	0.086	25	13	2	8	0.266	0
26	38	0.277	0.093	24	13	2	10	0.277	0
26	40	0.287	0.093	23	13	2	10	0.287	0
26	42	0.248	0.086	24	13	2	8	0.248	0
26	44	0.259	0.09	23	12	2	6	0.259	0
26	46	0.239	0.074	23	12	2	4	0.239	0
26	48	0.224	0.062	24	12	2	2	0.224	0
26	50	0.191	0.059	28	12	2	0	0.191	0
26	52	0.19	0.063	29	13	2	2	0.19	0
26	54	0.202	0.062	26	13	2	4	0.202	0
26	56	0.181	0.065	27	13	2	6	0.181	0
26	58	0.184	0.07	27	13	2	8	0.184	0
28	22	0.231	0.08	27	12	0	2	0.231	0
28	24	0.269	0.087	26	12	0	4	0.269	0
28	26	0.284	0.085	26	12	0	2	0.284	0
28	28	0.257	0.078	28	11	0	0	0.257	0
28	30	0.237	0.072	30	13	0	2	0.237	0
28	32	0.25	0.074	28	13	0	4	0.25	0
28	34	0.24	0.071	29	12	0	6	0.24	0
28	36	0.237	0.075	28	13	0	8	0.237	0
28	38	0.243	0.084	27	13	0	10	0.243	0
28	40	0.252	0.088	26	13	0	10	0.252	0
28	42	0.221	0.08	27	13	0	8	0.221	0
28	44	0.217	0.078	26	13	0	6	0.217	0
28	46	0.206	0.066	27	13	0	4	0.206	0
28	48	0.217	0.065	29	13	0	2	0.217	0
28	50	0.179	0.052	32	12	0	0	0.179	0
28	52	0.17	0.056	32	13	0	2	0.17	0
28	54	0.186	0.057	30	13	0	4	0.186	0
28	56	0.176	0.066	29	13	0	6	0.176	0
28	58	0.179	0.068	28	13	0	8	0.179	0
28	60	0.194	0.072	28	13	0	10	0.194	0
28	62	0.223	0.086	27	13	0	12	0.223	0
30	26	0.276	0.086	26	13	2	2	0.276	0
30	28	0.247	0.075	30	13	2	0	0.247	0
30	30	0.258	0.075	29	13	2	2	0.258	0
30	32	0.261	0.07	29	13	2	4	0.261	0
30	34	0.26	0.075	29	13	2	6	0.26	0
30	36	0.248	0.075	29	13	2	8	0.248	0
30	38	0.26	0.086	27	13	2	10	0.26	0
30	40	0.263	0.083	27	13	2	10	0.263	0
30	42	0.239	0.08	26	13	2	8	0.239	0
30	44	0.229	0.078	25	13	2	6	0.229	0
30	46	0.208	0.066	26	13	2	4	0.208	0
30	48	0.196	0.058	28	13	2	2	0.196	0
30	50	0.175	0.049	30	12	2	0	0.175	0
30	52	0.195	0.055	28	13	2	2	0.195	0
30	54	0.213	0.055	26	13	2	4	0.213	0
30	56	0.198	0.062	27	13	2	6	0.198	0
30	58	0.227	0.073	26	13	2	8	0.227	0
30	60	0.229	0.072	28	13	2	10	0.229	0
30	62	0.253	0.08	28	13	2	12	0.253	0
30	64	0.286	0.089	26	13	2	14	0.286	0
30	66	0.297	0.086	24	13	2	16	0.297	0
30	68	0.287	0.084	25	13	2	14	0.287	0
30	70	0.273	0.078	24	13	2	12	0.273	0
30	72	0.254	0.074	24	12	2	10	0.254	0
32	28	0.286	0.08	27	13	4	0	0.286	0
32	30	0.269	0.072	28	13	4	2	0.269	0
32	32	0.303	0.071	28	13	4	4	0.303	0
32	34	0.279	0.07	29	13	4	6	0.279	0
32	36	0.271	0.076	29	13	4	8	0.271	0
32	38	0.279	0.083	28	13	4	10	0.279	0
32	40	0.286	0.083	27	13	4	10	0.286	0
32	42	0.275	0.081	27	13	4	8	0.275	0
32	44	0.261	0.077	26	13	4	6	0.261	0
32	46	0.237	0.068	25	13	4	4	0.237	0
32	48	0.213	0.058	26	13	4	2	0.213	0
32	50	0.199	0.056	28	13	4	0	0.199	0
32	52	0.219	0.059	28	13	4	2	0.219	0
32	54	0.237	0.058	26	13	4	4	0.237	0
32	56	0.228	0.061	27	12	4	6	0.228	0
32	58	0.247	0.067	27	13	4	8	0.247	0
32	60	0.254	0.066	29	13	4	10	0.254	0
32	62	0.27	0.071	29	13	4	12	0.27	0
32	64	0.284	0.075	29	13	4	14	0.284	0
32	66	0.289	0.073	28	13	4	16	0.289	0
32	68	0.284	0.072	29	13	4	14	0.284	0
32	70	0.281	0.071	27	13	4	12	0.281	0
32	72	0.258	0.067	26	13	4	10	0.258	0
32	74	0.244	0.068	25	13	4	8	0.244	0
32	76	0.235	0.068	25	12	4	6	0.235	0
32	78	0.21	0.062	26	13	4	4	0.21	0
32	80	0.191	0.062	27	13	4	2	0.191	0
34	30	0.274	0.077	29	13	6	2	0.274	0
34	32	0.286	0.071	29	13	6	4	0.286	0
34	34	0.276	0.074	30	13	6	6	0.276	0
34	36	0.271	0.081	29	13	6	8	0.271	0
34	38	0.286	0.095	29	13	6	10	0.286	0
34	40	0.299	0.094	27	13	6	10	0.299	0
34	42	0.275	0.085	28	13	6	8	0.275	0
34	44	0.263	0.079	27	13	6	6	0.263	0
34	46	0.228	0.068	27	13	6	4	0.228	0
34	48	0.206	0.06	27	12	6	2	0.206	0
34	50	0.186	0.053	29	12	6	0	0.186	0
34	52	0.2	0.058	31	13	6	2	0.2	0
34	54	0.22	0.054	29	13	6	4	0.22	0
34	56	0.218	0.06	28	13	6	6	0.218	0
34	58	0.24	0.067	28	13	6	8	0.24	0
34	60	0.251	0.069	30	13	6	10	0.251	0
34	62	0.278	0.08	30	14	6	12	0.278	0
34	64	0.294	0.086	28	13	6	14	0.294	0
34	66	0.299	0.082	28	13	6	16	0.299	0
34	68	0.292	0.076	29	13	6	14	0.292	0
34	70	0.294	0.072	28	13	6	12	0.294	0
34	72	0.264	0.072	26	13	6	10	0.264	0
34	74	0.226	0.063	26	13	6	8	0.226	0
34	76	0.216	0.063	26	13	6	6	0.216	0
34	78	0.18	0.054	28	13	6	4	0.18	0
34	80	0.154	0.047	29	12	6	2	0.154	0
36	30	0.275	0.082	29	13	8	2	0.275	0
36	32	0.285	0.077	29	13	8	4	0.285	0
36	34	0.281	0.084	30	13	8	6	0.281	0
36	36	0.288	0.095	30	13	8	8	0.288	0
36	38	0.329	0.127	26	14	8	10	0.329	0
36	40	0.346	0.117	24	13	8	10	0.346	0
36	42	0.287	0.1	27	13	8	8	0.287	0
36	44	0.254	0.086	27	13	8	6	0.254	0
36	46	0.224	0.074	27	13	8	4	0.224	0
36	48	0.184	0.058	28	13	8	2	0.184	0
36	50	0.165	0.047	29	12	8	0	0.165	0
36	52	0.173	0.052	31	13	8	2	0.173	0
36	54	0.205	0.056	30	13	8	4	0.205	0
36	56	0.203	0.061	29	13	8	6	0.203	0
36	58	0.237	0.073	29	13	8	8	0.237	0
36	60	0.258	0.077	31	14	8	10	0.258	0
36	62	0.297	0.093	29	14	8	12	0.297	0
36	64	0.337	0.102	25	14	8	14	0.337	0
36	66	0.321	0.094	26	14	8	16	0.321	0
36	68	0.303	0.084	28	14	8	14	0.303	0
36	70	0.279	0.074	30	14	8	12	0.279	0
36	72	0.238	0.069	29	13	8	10	0.238	0
36	74	0.206	0.062	28	13	8	8	0.206	0
36	76	0.185	0.057	28	13	8	6	0.185	0
36	78	0.157	0.047	29	13	8	4	0.157	0
38	32	0.302	0.086	29	13	10	4	0.302	0
38	34	0.307	0.102	29	13	10	6	0.307	0
38	36	0.355	0.134	26	14	10	8	0.355	0
38	38	0.462	0.123	17	11	10	10	0.462	0
38	40	0.413	0.117	18	12	10	10	0.413	0
38	42	0.311	0.116	25	13	10	8	0.311	0
38	44	0.238	0.086	27	13	10	6	0.238	0
38	46	0.192	0.067	28	13	10	4	0.192	0
38	48	0.17	0.058	29	13	10	2	0.17	0
38	50	0.153	0.045	28	12	10	0	0.153	0
38	52	0.163	0.054	30	13	10	2	0.163	0
38	54	0.195	0.057	29	13	10	4	0.195	0
38	56	0.194	0.064	29	13	10	6	0.194	0
38	58	0.229	0.078	28	13	10	8	0.229	0
38	60	0.294	0.099	26	14	10	10	0.294	0
38	62	0.37	0.095	19	13	10	12	0.37	0
38	64	0.403	0.09	16	11	10	14	0.403	0
38	66	0.39	0.094	18	12	10	16	0.39	0
38	68	0.354	0.091	22	13	10	14	0.354	0
38	70	0.287	0.077	28	14	10	12	0.287	0
38	72	0.227	0.072	29	13	10	10	0.227	0
38	74	0.188	0.059	30	13	10	8	0.188	0
38	76	0.166	0.05	30	13	10	6	0.166	0
40	34	0.328	0.102	27	13	10	6	0.328	0
40	36	0.368	0.123	24	13	10	8	0.368	0
40	38	0.442	0.12	17	11	10	10	0.442	0
40	40	0.417	0.119	18	12	10	10	0.417	0
40	42	0.306	0.108	25	13	10	8	0.306	0
40	44	0.234	0.082	27	13	10	6	0.234	0
40	46	0.187	0.066	28	13	10	4	0.187	0
40	48	0.162	0.057	29	13	10	2	0.162	0
40	52	0.163	0.053	29	13	10	2	0.163	0
40	54	0.195	0.057	28	13	10	4	0.195	0
40	56	0.197	0.064	28	13	10	6	0.197	0
40	58	0.234	0.077	27	13	10	8	0.234	0
40	60	0.312	0.094	23	13	10	10	0.312	0
40	62	0.367	0.085	19	12	10	12	0.367	0
40	64	0.394	0.085	17	11	10	14	0.394	0
40	66	0.375	0.087	20	12	10	16	0.375	0
40	68	0.334	0.081	24	13	10	14	0.334	0
40	70	0.296	0.077	27	13	10	12	0.296	0
40	72	0.227	0.067	30	13	10	10	0.227	0
40	74	0.197	0.061	30	13	10	8	0.197	0
40	76	0.169	0.05	30	13	10	6	0.169	0
42	36	0.293	0.106	28	13	8	8	0.293	0
42	38	0.305	0.115	26	13	8	10	0.305	0
42	40	0.31	0.111	25	13	8	10	0.31	0
42	42	0.28	0.093	27	12	8	8	0.28	0
42	44	0.233	0.078	27	13	8	6	0.233	0
42	46	0.186	0.066	27	13	8	4	0.186	0
42	48	0.159	0.057	29	13	8	2	0.159	0
42	52	0.16	0.051	28	12	8	2	0.16	0
42	54	0.197	0.057	26	13	8	4	0.197	0
42	56	0.208	0.067	26	13	8	6	0.208	0
42	58	0.231	0.072	26	13	8	8	0.231	0
42	60	0.282	0.082	24	13	8	10	0.282	0
42	62	0.343	0.086	20	12	8	12	0.343	0
42	64	0.353	0.086	21	12	8	14	0.353	0
42	66	0.33	0.083	24	12	8	16	0.33	0
42	68	0.302	0.073	28	12	8	14	0.302	0
42	70	0.28	0.068	30	12	8	12	0.28	0
42	72	0.228	0.062	30	13	8	10	0.228	0
42	74	0.193	0.055	30	13	8	8	0.193	0
42	76	0.17	0.051	30	13	8	6	0.17	0
44	40	0.244	0.084	28	13	6	10	0.244	0
44	42	0.239	0.08	27	13	6	8	0.239	0
44	44	0.228	0.083	26	12	6	6	0.228	0
44	46	0.193	0.07	25	13	6	4	0.193	0
44	48	0.151	0.052	28	13	6	2	0.151	0
44	52	0.151	0.047	27	12	6	2	0.151	0
44	54	0.191	0.055	25	13	6	4	0.191	0
44	56	0.204	0.065	25	12	6	6	0.204	0
44	58	0.23	0.073	24	13	6	8	0.23	0
44	60	0.258	0.077	24	13	6	10	0.258	0
44	62	0.306	0.082	22	12	6	12	0.306	0
44	64	0.321	0.079	22	12	6	14	0.321	0
44	66	0.295	0.071	26	12	6	16	0.295	0
44	68	0.282	0.065	29	12	6	14	0.282	0
44	70	0.263	0.06	30	12	6	12	0.263	0
44	72	0.221	0.062	29	13	6	10	0.221	0
44	74	0.185	0.056	29	13	6	8	0.185	0
44	76	0.163	0.05	28	13	6	6	0.163	0
44	92	0.157	0.057	26	13	6	10	0.157	0
44	94	0.183	0.066	25	13	6	12	0.183	0
44	96	0.225	0.076	23	13	6	14	0.225	0
44	98	0.257	0.076	23	12	6	16	0.257	0
44	100	0.272	0.072	23	12	6	18	0.272	0
44	102	0.282	0.07	24	12	6	20	0.282	0
46	42	0.191	0.07	27	13	4	8	0.191	0
46	44	0.177	0.064	26	13	4	6	0.177	0
46	46	0.183	0.066	25	13	4	4	0.183	0
46	48	0.153	0.052	28	13	4	2	0.153	0
46	54	0.182	0.053	24	13	4	4	0.182	0
46	56	0.188	0.056	25	12	4	6	0.188	0
46	58	0.208	0.064	24	12	4	8	0.208	0
46	60	0.219	0.068	24	13	4	10	0.219	0
46	62	0.246	0.078	24	13	4	12	0.246	0
46	64	0.274	0.082	23	13	4	14	0.274	0
46	66	0.26	0.072	26	13	4	16	0.26	0
46	68	0.249	0.067	27	13	4	14	0.249	0
46	70	0.232	0.061	28	13	4	12	0.232	0
46	72	0.189	0.059	27	13	4	10	0.189	0
46	74	0.168	0.053	27	13	4	8	0.168	0
46	76	0.151	0.047	27	13	4	6	0.151	0
46	92	0.155	0.052	25	13	4	10	0.155	0
46	94	0.181	0.062	24	13	4	12	0.181	0
46	96	0.218	0.071	22	12	4	14	0.218	0
46	98	0.246	0.074	20	12	4	16	0.246	0
46	100	0.266	0.073	19	12	4	18	0.266	0
46	102	0.291	0.074	18	11	4	20	0.291	0
46	104	0.272	0.067	21	12	4	22	0.272	0
46	106	0.263	0.065	22	12	4	20	0.263	0
48	44	0.154	0.055	28	13	2	6	0.154	0
48	46	0.153	0.053	28	13	2	4	0.153	0
48	54	0.164	0.049	27	13	2	4	0.164	0
48	56	0.175	0.05	26	13	2	6	0.175	0
48	58	0.184	0.054	26	13	2	8	0.184	0
48	60	0.191	0.059	25	13	2	10	0.191	0
48	62	0.197	0.064	26	13	2	12	0.197	0
48	64	0.205	0.07	26	13	2	14	0.205	0
48	66	0.203	0.067	26	13	2	16	0.203	0
48	68	0.206	0.066	26	13	2	14	0.206	0
48	70	0.208	0.064	25	13	2	12	0.208	0
48	72	0.159	0.052	28	13	2	10	0.159	0
48	94	0.167	0.055	25	13	2	12	0.167	0
48	96	0.21	0.071	21	13	2	14	0.21	0
48	98	0.25	0.075	18	12	2	16	0.25	0
48	100	0.276	0.074	16	11	2	18	0.276	0
48	102	0.298	0.07	15	10	2	20	0.298	0
48	104	0.273	0.066	17	11	2	22	0.273	0
48	106	0.259	0.065	19	11	2	20	0.259	0
48	108	0.239	0.063	21	12	2	18	0.239	0
48	110	0.237	0.063	21	12	2	16	0.237	0
48	112	0.197	0.057	24	12	2	14	0.197	0
48	114	0.163	0.048	25	13	2	12	0.163	0
50	50	0.15	0.036	27	11	0	0	0.15	0
50	56	0.151	0.045	28	13	0	6	0.151	0
50	58	0.162	0.047	28	12	0	8	0.162	0
50	60	0.163	0.05	28	12	0	10	0.163	0
50	62	0.167	0.053	28	12	0	12	0.167	0
50	64	0.172	0.061	28	12	0	14	0.172	0
50	66	0.169	0.061	28	13	0	16	0.169	0
50	68	0.179	0.061	27	13	0	14	0.179	0
50	70	0.166	0.057	27	13	0	12	0.166	0
50	94	0.15	0.05	27	13	0	12	0.15	0
50	96	0.194	0.069	24	13	0	14	0.194	0
50	98	0.244	0.071	18	12	0	16	0.244	0
50	100	0.279	0.067	15	10	0	18	0.279	0
50	102	0.293	0.063	13	9	0	20	0.293	0
50	104	0.309	0.058	13	8	0	22	0.309	0
50	106	0.274	0.06	16	10	0	20	0.274	0
50	108	0.252	0.06	18	11	0	18	0.252	0
50	110	0.224	0.059	21	12	0	16	0.224	0
50	112	0.195	0.055	24	13	0	14	0.195	0
50	114	0.16	0.048	26	13	0	12	0.16	0
52	56	0.175	0.048	26	12	2	6	0.175	0
52	58	0.187	0.053	26	13	2	8	0.187	0
52	60	0.203	0.062	26	13	2	10	0.203	0
52	62	0.224	0.071	25	13	2	12	0.224	0
52	64	0.269	0.081	21	13	2	14	0.269	0
52	66	0.256	0.081	23	13	2	16	0.256	0
52	68	0.23	0.074	25	13	2	14	0.23	0
52	70	0.208	0.061	26	13	2	12	0.208	0
52	72	0.159	0.048	28	13	2	10	0.159	0
52	90	0.155	0.044	24	12	2	8	0.155	0
52	92	0.171	0.05	23	12	2	10	0.171	0
52	94	0.199	0.056	21	12	2	12	0.199	0
52	96	0.243	0.06	17	11	2	14	0.243	0
52	98	0.272	0.059	15	9	2	16	0.272	0
52	100	0.295	0.059	13	8	2	18	0.295	0
52	102	0.305	0.057	12	8	2	20	0.305	0
52	104	0.304	0.056	12	8	2	22	0.304	0
52	106	0.309	0.052	13	8	2	20	0.309	0
52	108	0.269	0.055	16	10	2	18	0.269	0
52	110	0.243	0.054	20	11	2	16	0.243	0
52	112	0.214	0.052	23	13	2	14	0.214	0
52	114	0.175	0.047	27	13	2	12	0.175	0
52	116	0.15	0.042	28	13	2	10	0.15	0
54	56	0.223	0.05	22	12	4	6	0.223	0
54	58	0.242	0.057	21	12	4	8	0.242	0
54	60	0.276	0.068	19	12	4	10	0.276	0
54	62	0.302	0.074	18	11	4	12	0.302	0
54	64	0.311	0.072	18	11	4	14	0.311	0
54	66	0.314	0.076	19	12	4	16	0.314	0
54	68	0.295	0.071	20	12	4	14	0.295	0
54	70	0.269	0.063	21	12	4	12	0.269	0
54	72	0.207	0.055	26	13	4	10	0.207	0
54	74	0.18	0.05	27	13	4	8	0.18	0
54	76	0.16	0.045	27	13	4	6	0.16	0
54	86	0.151	0.037	23	13	4	4	0.151	0
54	88	0.18	0.04	20	11	4	6	0.18	0
54	90	0.198	0.045	19	11	4	8	0.198	0
54	92	0.222	0.048	18	10	4	10	0.222	0
54	94	0.245	0.052	16	10	4	12	0.245	0
54	96	0.273	0.052	14	9	4	14	0.273	0
54	98	0.29	0.053	13	8	4	16	0.29	0
54	100	0.307	0.054	12	7	4	18	0.307	0
54	102	0.313	0.054	11	7	4	20	0.313	0
54	104	0.31	0.053	12	7	4	22	0.31	0
54	106	0.311	0.052	12	8	4	20	0.311	0
54	108	0.275	0.051	16	10	4	18	0.275	0
54	110	0.253	0.049	18	11	4	16	0.253	0
54	112	0.23	0.047	21	12	4	14	0.23	0
54	114	0.198	0.045	25	13	4	12	0.198	0
54	116	0.171	0.043	27	13	4	10	0.171	0
56	58	0.289	0.072	19	12	6	8	0.289	0
56	60	0.341	0.076	14	9	6	10	0.341	0
56	62	0.378	0.072	12	8	6	12	0.378	0
56	64	0.37	0.073	13	8	6	14	0.37	0
56	66	0.366	0.076	14	9	6	16	0.366	0
56	68	0.335	0.072	16	10	6	14	0.335	0
56	70	0.298	0.062	18	11	6	12	0.298	0
56	72	0.24	0.055	23	12	6	10	0.24	0
56	74	0.207	0.052	25	13	6	8	0.207	0
56	76	0.18	0.048	26	13	6	6	0.18	0
56	78	0.153	0.044	28	13	6	4	0.153	0
56	86	0.16	0.04	23	13	6	4	0.16	0
56	88	0.194	0.041	20	11	6	6	0.194	0
56	90	0.221	0.051	19	11	6	8	0.221	0
56	92	0.256	0.052	16	10	6	10	0.256	0
56	94	0.29	0.053	13	8	6	12	0.29	0
56	96	0.31	0.051	12	7	6	14	0.31	0
56	98	0.32	0.052	11	6	6	16	0.32	0
56	100	0.33	0.051	10	6	6	18	0.33	0
56	102	0.333	0.052	10	6	6	20	0.333	0
56	104	0.326	0.052	10	6	6	22	0.326	0
56	106	0.307	0.051	12	7	6	20	0.307	0
56	108	0.285	0.049	14	9	6	18	0.285	0
56	110	0.262	0.046	17	10	6	16	0.262	0
56	112	0.24	0.045	19	11	6	14	0.24	0
56	114	0.212	0.044	22	12	6	12	0.212	0
56	116	0.185	0.043	25	13	6	10	0.185	0
56	118	0.156	0.039	27	13	6	8	0.156	0
58	60	0.415	0.073	10	6	8	10	0.415	0
58	62	0.421	0.063	9	5	8	12	0.421	0
58	64	0.418	0.067	10	6	8	14	0.418	0
58	66	0.405	0.071	11	7	8	16	0.405	0
58	68	0.371	0.072	13	8	8	14	0.371	0
58	70	0.316	0.068	17	11	8	12	0.316	0
58	72	0.269	0.06	21	12	8	10	0.269	0
58	74	0.227	0.056	24	13	8	8	0.227	0
58	76	0.19	0.049	26	13	8	6	0.19	0
58	78	0.162	0.045	27	13	8	4	0.162	0
58	86	0.165	0.042	24	12	8	4	0.165	0
58	88	0.205	0.044	20	11	8	6	0.205	0
58	90	0.252	0.058	16	10	8	8	0.252	0
58	92	0.299	0.053	12	7	8	10	0.299	0
58	94	0.327	0.047	10	6	8	12	0.327	0
58	96	0.342	0.049	10	6	8	14	0.342	0
58	98	0.344	0.049	9	5	8	16	0.344	0
58	100	0.35	0.049	9	5	8	18	0.35	0
58	102	0.355	0.051	8	5	8	20	0.355	0
58	104	0.358	0.051	8	5	8	22	0.358	0
58	106	0.326	0.052	11	6	8	20	0.326	0
58	108	0.301	0.051	13	8	8	18	0.301	0
58	110	0.272	0.047	16	9	8	16	0.272	0
58	112	0.249	0.044	17	10	8	14	0.249	0
58	114	0.219	0.043	20	12	8	12	0.219	0
58	116	0.193	0.042	24	12	8	10	0.193	0
58	118	0.163	0.039	26	13	8	8	0.163	0
60	62	0.429	0.057	8	5	10	12	0.429	0
60	64	0.434	0.062	9	5	10	14	0.434	0
60	66	0.423	0.064	10	6	10	16	0.423	0
60	68	0.412	0.068	10	6	10	14	0.412	0
60	70	0.376	0.077	12	8	10	12	0.376	0
60	72	0.311	0.053	17	11	10	10	0.311	0
60	74	0.247	0.059	23	12	10	8	0.247	0
60	76	0.197	0.051	26	13	10	6	0.197	0
60	78	0.167	0.045	27	13	10	4	0.167	0
60	86	0.167	0.044	25	13	10	4	0.167	0
60	88	0.218	0.051	20	11	10	6	0.218	0
60	90	0.28	0.061	14	9	10	8	0.28	0
60	92	0.329	0.052	10	6	10	10	0.329	0
60	94	0.345	0.045	9	5	10	12	0.345	0
60	96	0.353	0.045	9	5	10	14	0.353	0
60	98	0.359	0.047	8	5	10	16	0.359	0
60	100	0.362	0.045	8	4	10	18	0.362	0
60	102	0.369	0.047	8	4	10	20	0.369	0
60	104	0.363	0.049	8	5	10	22	0.363	0
60	106	0.347	0.052	10	6	10	20	0.347	0
60	108	0.321	0.052	12	7	10	18	0.321	0
60	110	0.287	0.048	15	8	10	16	0.287	0
60	112	0.258	0.044	16	9	10	14	0.258	0
60	114	0.226	0.043	20	11	10	12	0.226	0
60	116	0.198	0.041	23	12	10	10	0.198	0
60	118	0.167	0.038	26	13	10	8	0.167	0
60	136	0.177	0.049	23	12	10	10	0.177	0
60	138	0.224	0.057	19	12	10	12	0.224	0
60	140	0.258	0.054	15	10	10	14	0.258	0
60	142	0.285	0.052	13	8	10	16	0.285	0
62	66	0.424	0.059	10	6	12	16	0.424	0
62	68	0.416	0.062	10	6	12	14	0.416	0
62	70	0.404	0.069	10	7	12	12	0.404	0
62	72	0.349	0.073	15	10	12	10	0.349	0
62	74	0.276	0.065	22	12	12	8	0.276	0
62	76	0.214	0.054	27	13	12	6	0.214	0
62	78	0.173	0.046	29	13	12	4	0.173	0
62	86	0.169	0.046	25	13	12	4	0.169	0
62	88	0.229	0.057	20	12	12	6	0.229	0
62	90	0.306	0.065	13	8	12	8	0.306	0
62	92	0.342	0.053	10	6	12	10	0.342	0
62	94	0.352	0.046	9	5	12	12	0.352	0
62	96	0.359	0.044	9	5	12	14	0.359	0
62	98	0.362	0.045	9	5	12	16	0.362	0
62	100	0.367	0.043	8	4	12	18	0.367	0
62	102	0.372	0.042	8	4	12	20	0.372	0
62	104	0.368	0.047	8	4	12	22	0.368	0
62	106	0.356	0.049	9	5	12	20	0.356	0
62	108	0.333	0.051	11	6	12	18	0.333	0
62	110	0.302	0.048	13	7	12	16	0.302	0
62	112	0.273	0.045	15	9	12	14	0.273	0
62	114	0.236	0.044	20	11	12	12	0.236	0
62	116	0.204	0.041	24	13	12	10	0.204	0
62	118	0.171	0.039	28	13	12	8	0.171	0
62	136	0.191	0.055	22	12	12	10	0.191	0
62	138	0.245	0.06	17	11	12	12	0.245	0
62	140	0.28	0.054	13	8	12	14	0.28	0
62	142	0.301	0.05	11	7	12	16	0.301	0
62	144	0.317	0.047	10	6	12	18	0.317	0
62	146	0.327	0.046	9	5	12	20	0.327	0
64	68	0.413	0.06	11	6	14	14	0.413	0
64	70	0.404	0.064	10	6	14	12	0.404	0
64	72	0.367	0.07	13	8	14	10	0.367	0
64	74	0.3	0.071	21	12	14	8	0.3	0
64	76	0.234	0.057	27	13	14	6	0.234	0
64	78	0.181	0.048	30	13	14	4	0.181	0
64	86	0.172	0.049	26	13	14	4	0.172	0
64	88	0.235	0.06	21	12	14	6	0.235	0
64	90	0.335	0.064	12	8	14	8	0.335	0
64	92	0.347	0.056	10	6	14	10	0.347	0
64	94	0.356	0.049	10	6	14	12	0.356	0
64	96	0.359	0.046	10	5	14	14	0.359	0
64	98	0.361	0.046	9	5	14	16	0.361	0
64	100	0.367	0.043	8	4	14	18	0.367	0
64	102	0.369	0.042	8	4	14	20	0.369	0
64	104	0.364	0.045	8	5	14	22	0.364	0
64	106	0.353	0.046	9	5	14	20	0.353	0
64	108	0.335	0.046	11	6	14	18	0.335	0
64	110	0.314	0.045	12	6	14	16	0.314	0
64	112	0.302	0.049	12	7	14	14	0.302	0
64	114	0.25	0.049	19	12	14	12	0.25	0
64	116	0.209	0.042	26	13	14	10	0.209	0
64	118	0.174	0.039	30	13	14	8	0.174	0
64	136	0.189	0.052	23	12	14	10	0.189	0
64	138	0.24	0.055	18	11	14	12	0.24	0
64	140	0.292	0.056	13	8	14	14	0.292	0
64	142	0.306	0.05	11	6	14	16	0.306	0
64	144	0.318	0.046	10	6	14	18	0.318	0
64	146	0.325	0.044	10	5	14	20	0.325	0
64	148	0.33	0.044	9	5	14	22	0.33	0
64	150	0.341	0.045	9	5	14	24	0.341	0
66	70	0.407	0.062	10	6	16	12	0.407	0
66	72	0.372	0.069	12	8	16	10	0.372	0
66	74	0.306	0.074	21	12	16	8	0.306	0
66	76	0.235	0.059	28	13	16	6	0.235	0
66	78	0.187	0.05	31	13	16	4	0.187	0
66	86	0.166	0.046	27	13	16	4	0.166	0
66	88	0.227	0.058	23	12	16	6	0.227	0
66	90	0.298	0.073	16	10	16	8	0.298	0
66	92	0.35	0.061	11	7	16	10	0.35	0
66	94	0.36	0.053	11	6	16	12	0.36	0
66	96	0.37	0.049	10	5	16	14	0.37	0
66	98	0.361	0.046	10	5	16	16	0.361	0
66	100	0.363	0.043	9	4	16	18	0.363	0
66	102	0.364	0.042	8	4	16	20	0.364	0
66	104	0.357	0.043	8	5	16	22	0.357	0
66	106	0.349	0.043	9	5	16	20	0.349	0
66	108	0.346	0.042	10	5	16	18	0.346	0
66	110	0.33	0.044	11	6	16	16	0.33	0
66	112	0.314	0.048	11	6	16	14	0.314	0
66	114	0.257	0.052	18	12	16	12	0.257	0
66	116	0.21	0.041	28	14	16	10	0.21	0
66	118	0.176	0.039	31	13	16	8	0.176	0
66	134	0.152	0.043	26	13	16	8	0.152	0
66	136	0.197	0.053	22	12	16	10	0.197	0
66	138	0.26	0.063	17	10	16	12	0.26	0
66	140	0.29	0.056	14	8	16	14	0.29	0
66	142	0.317	0.054	11	6	16	16	0.317	0
66	144	0.319	0.048	10	6	16	18	0.319	0
66	146	0.323	0.045	10	5	16	20	0.323	0
66	148	0.327	0.044	10	5	16	22	0.327	0
66	150	0.328	0.043	10	5	16	24	0.328	0
66	152	0.339	0.042	9	5	16	26	0.339	0
66	154	0.339	0.043	10	5	16	28	0.339	0
68	74	0.291	0.066	21	13	14	8	0.291	0
68	76	0.226	0.055	30	13	14	6	0.226	0
68	78	0.181	0.047	32	13	14	4	0.181	0
68	86	0.168	0.046	27	13	14	4	0.168	0
68	88	0.203	0.048	26	13	14	6	0.203	0
68	90	0.267	0.07	20	12	14	8	0.267	0
68	92	0.331	0.068	14	8	14	10	0.331	0
68	94	0.352	0.057	12	7	14	12	0.352	0
68	96	0.363	0.053	11	6	14	14	0.363	0
68	98	0.359	0.049	10	5	14	16	0.359	0
68	100	0.361	0.045	9	5	14	18	0.361	0
68	102	0.359	0.043	8	4	14	20	0.359	0
68	104	0.354	0.044	8	5	14	22	0.354	0
68	106	0.346	0.044	9	5	14	20	0.346	0
68	108	0.334	0.043	10	6	14	18	0.334	0
68	110	0.325	0.042	10	6	14	16	0.325	0
68	112	0.306	0.045	10	6	14	14	0.306	0
68	114	0.258	0.05	15	11	14	12	0.258	0
68	116	0.207	0.04	28	14	14	10	0.207	0
68	118	0.175	0.038	32	13	14	8	0.175	0
68	134	0.151	0.042	25	12	14	8	0.151	0
68	136	0.195	0.05	23	12	14	10	0.195	0
68	138	0.25	0.059	18	10	14	12	0.25	0
68	140	0.279	0.055	15	9	14	14	0.279	0
68	142	0.306	0.054	12	7	14	16	0.306	0
68	144	0.316	0.05	11	6	14	18	0.316	0
68	146	0.315	0.046	10	6	14	20	0.315	0
68	148	0.317	0.045	10	6	14	22	0.317	0
68	150	0.32	0.044	10	6	14	24	0.32	0
68	152	0.324	0.044	10	5	14	26	0.324	0
68	154	0.323	0.037	10	5	14	28	0.323	0
68	156	0.314	0.042	10	6	14	28	0.314	0
68	158	0.317	0.043	9	5	14	26	0.317	0
70	78	0.175	0.045	33	13	12	4	0.175	0
70	86	0.162	0.043	27	13	12	4	0.162	0
70	88	0.206	0.049	25	12	12	6	0.206	0
70	90	0.224	0.052	23	12	12	8	0.224	0
70	92	0.285	0.064	18	10	12	10	0.285	0
70	94	0.33	0.067	14	8	12	12	0.33	0
70	96	0.347	0.057	12	7	12	14	0.347	0
70	98	0.353	0.053	10	6	12	16	0.353	0
70	100	0.355	0.049	9	5	12	18	0.355	0
70	102	0.349	0.046	9	5	12	20	0.349	0
70	104	0.345	0.047	8	5	12	22	0.345	0
70	106	0.335	0.048	9	5	12	20	0.335	0
70	108	0.321	0.047	10	6	12	18	0.321	0
70	110	0.306	0.043	10	6	12	16	0.306	0
70	112	0.286	0.041	10	5	12	14	0.286	0
70	114	0.248	0.042	14	10	12	12	0.248	0
70	116	0.202	0.04	27	14	12	10	0.202	0
70	118	0.172	0.037	32	13	12	8	0.172	0
70	136	0.185	0.048	23	12	12	10	0.185	0
70	138	0.235	0.054	19	11	12	12	0.235	0
70	140	0.267	0.053	16	9	12	14	0.267	0
70	142	0.292	0.053	13	8	12	16	0.292	0
70	144	0.31	0.048	11	6	12	18	0.31	0
70	146	0.306	0.046	11	6	12	20	0.306	0
70	148	0.305	0.044	10	6	12	22	0.305	0
70	150	0.306	0.043	10	6	12	24	0.306	0
70	152	0.305	0.042	10	6	12	26	0.305	0
70	154	0.303	0.041	10	6	12	28	0.303	0
70	156	0.303	0.034	9	5	12	28	0.303	0
70	158	0.29	0.038	10	6	12	26	0.29	0
70	160	0.286	0.04	10	6	12	24	0.286	0
70	162	0.279	0.04	11	7	12	22	0.279	0
70	164	0.257	0.039	14	9	12	20	0.257	0
70	166	0.241	0.039	17	11	12	18	0.241	0
70	168	0.224	0.039	21	13	12	16	0.224	0
70	170	0.205	0.038	27	13	12	14	0.205	0
70	172	0.184	0.036	31	13	12	12	0.184	0
70	174	0.155	0.035	32	13	12	10	0.155	0
72	86	0.154	0.043	26	13	10	4	0.154	0
72	88	0.186	0.045	24	12	10	6	0.186	0
72	90	0.202	0.049	22	12	10	8	0.202	0
72	92	0.248	0.056	20	11	10	10	0.248	0
72	94	0.292	0.06	16	9	10	12	0.292	0
72	96	0.323	0.059	13	8	10	14	0.323	0
72	98	0.336	0.055	11	7	10	16	0.336	0
72	100	0.344	0.051	9	5	10	18	0.344	0
72	102	0.343	0.049	9	5	10	20	0.343	0
72	104	0.331	0.048	9	5	10	22	0.331	0
72	106	0.315	0.048	10	6	10	20	0.315	0
72	108	0.299	0.046	11	7	10	18	0.299	0
72	110	0.283	0.045	12	7	10	16	0.283	0
72	112	0.263	0.041	12	7	10	14	0.263	0
72	114	0.23	0.041	16	11	10	12	0.23	0
72	116	0.193	0.039	27	14	10	10	0.193	0
72	118	0.166	0.036	31	13	10	8	0.166	0
72	136	0.173	0.045	23	12	10	10	0.173	0
72	138	0.213	0.051	20	11	10	12	0.213	0
72	140	0.257	0.054	17	9	10	14	0.257	0
72	142	0.283	0.053	14	8	10	16	0.283	0
72	144	0.299	0.049	12	7	10	18	0.299	0
72	146	0.299	0.046	11	6	10	20	0.299	0
72	148	0.295	0.043	10	6	10	22	0.295	0
72	150	0.297	0.042	10	6	10	24	0.297	0
72	152	0.295	0.041	10	6	10	26	0.295	0
72	154	0.29	0.039	10	6	10	28	0.29	0
72	156	0.286	0.04	10	6	10	28	0.286	0
72	158	0.279	0.038	10	6	10	26	0.279	0
72	160	0.269	0.037	11	6	10	24	0.269	0
72	162	0.257	0.038	12	7	10	22	0.257	0
72	164	0.241	0.036	14	8	10	20	0.241	0
72	166	0.225	0.034	16	10	10	18	0.225	0
72	168	0.21	0.034	20	12	10	16	0.21	0
72	170	0.194	0.034	26	13	10	14	0.194	0
72	172	0.175	0.033	31	13	10	12	0.175	0
72	174	0.151	0.032	32	13	10	10	0.151	0
74	88	0.173	0.044	26	13	8	6	0.173	0
74	90	0.182	0.044	24	12	8	8	0.182	0
74	92	0.214	0.051	21	12	8	10	0.214	0
74	94	0.269	0.061	18	10	8	12	0.269	0
74	96	0.293	0.058	15	9	8	14	0.293	0
74	98	0.314	0.058	13	8	8	16	0.314	0
74	100	0.326	0.054	11	6	8	18	0.326	0
74	102	0.325	0.052	10	6	8	20	0.325	0
74	104	0.309	0.051	11	7	8	22	0.309	0
74	106	0.289	0.049	13	8	8	20	0.289	0
74	108	0.272	0.046	14	8	8	18	0.272	0
74	110	0.254	0.044	16	9	8	16	0.254	0
74	112	0.237	0.041	17	10	8	14	0.237	0
74	114	0.208	0.041	21	13	8	12	0.208	0
74	116	0.184	0.038	26	13	8	10	0.184	0
74	118	0.16	0.035	29	13	8	8	0.16	0
74	136	0.157	0.042	24	12	8	10	0.157	0
74	138	0.197	0.049	20	11	8	12	0.197	0
74	140	0.24	0.053	17	9	8	14	0.24	0
74	142	0.274	0.054	14	8	8	16	0.274	0
74	144	0.294	0.048	12	7	8	18	0.294	0
74	146	0.289	0.044	11	6	8	20	0.289	0
74	148	0.288	0.043	11	6	8	22	0.288	0
74	150	0.29	0.042	10	6	8	24	0.29	0
74	152	0.286	0.041	10	6	8	26	0.286	0
74	154	0.282	0.04	10	6	8	28	0.282	0
74	156	0.276	0.04	10	6	8	28	0.276	0
74	158	0.267	0.039	11	6	8	26	0.267	0
74	160	0.257	0.038	12	7	8	24	0.257	0
74	162	0.243	0.037	13	8	8	22	0.243	0
74	164	0.228	0.035	15	9	8	20	0.228	0
74	166	0.213	0.032	17	10	8	18	0.213	0
74	168	0.199	0.032	20	11	8	16	0.199	0
74	170	0.183	0.032	25	13	8	14	0.183	0
74	172	0.166	0.031	30	13	8	12	0.166	0
76	88	0.153	0.042	27	13	6	6	0.153	0
76	90	0.158	0.041	26	13	6	8	0.158	0
76	92	0.183	0.048	24	12	6	10	0.183	0
76	94	0.225	0.061	21	12	6	12	0.225	0
76	96	0.283	0.064	17	10	6	14	0.283	0
76	98	0.305	0.062	14	9	6	16	0.305	0
76	100	0.309	0.057	13	8	6	18	0.309	0
76	102	0.31	0.055	12	7	6	20	0.31	0
76	104	0.292	0.053	14	8	6	22	0.292	0
76	106	0.27	0.049	16	9	6	20	0.27	0
76	108	0.25	0.045	18	10	6	18	0.25	0
76	110	0.231	0.042	21	11	6	16	0.231	0
76	112	0.214	0.039	23	12	6	14	0.214	0
76	114	0.188	0.039	25	13	6	12	0.188	0
76	116	0.173	0.037	26	13	6	10	0.173	0
76	118	0.152	0.035	29	13	6	8	0.152	0
76	138	0.173	0.047	22	12	6	12	0.173	0
76	140	0.226	0.056	17	10	6	14	0.226	0
76	142	0.261	0.055	14	8	6	16	0.261	0
76	144	0.285	0.05	12	7	6	18	0.285	0
76	146	0.282	0.044	11	6	6	20	0.282	0
76	148	0.283	0.043	11	6	6	22	0.283	0
76	150	0.286	0.042	10	6	6	24	0.286	0
76	152	0.283	0.041	11	6	6	26	0.283	0
76	154	0.278	0.041	11	6	6	28	0.278	0
76	156	0.27	0.041	11	6	6	28	0.27	0
76	158	0.259	0.039	12	7	6	26	0.259	0
76	160	0.247	0.038	13	7	6	24	0.247	0
76	162	0.232	0.037	15	8	6	22	0.232	0
76	164	0.219	0.035	17	9	6	20	0.219	0
76	166	0.203	0.033	19	10	6	18	0.203	0
76	168	0.189	0.033	22	11	6	16	0.189	0
76	170	0.173	0.032	25	12	6	14	0.173	0
76	172	0.156	0.03	29	13	6	12	0.156	0
78	92	0.153	0.042	27	13	4	10	0.153	0
78	94	0.179	0.053	25	13	4	12	0.179	0
78	96	0.223	0.066	22	12	4	14	0.223	0
78	98	0.292	0.067	16	10	4	16	0.292	0
78	100	0.3	0.06	14	9	4	18	0.3	0
78	102	0.303	0.058	13	9	4	20	0.303	0
78	104	0.287	0.058	15	9	4	22	0.287	0
78	106	0.259	0.055	18	10	4	20	0.259	0
78	108	0.245	0.053	20	11	4	18	0.245	0
78	110	0.204	0.043	26	12	4	16	0.204	0
78	112	0.186	0.04	30	13	4	14	0.186	0
78	114	0.16	0.036	31	13	4	12	0.16	0
78	140	0.192	0.055	20	11	4	14	0.192	0
78	142	0.233	0.061	16	10	4	16	0.233	0
78	144	0.271	0.053	13	7	4	18	0.271	0
78	146	0.29	0.042	11	6	4	20	0.29	0
78	148	0.278	0.044	11	6	4	22	0.278	0
78	150	0.282	0.042	11	6	4	24	0.282	0
78	152	0.279	0.041	11	6	4	26	0.279	0
78	154	0.276	0.041	11	6	4	28	0.276	0
78	156	0.268	0.041	12	7	4	28	0.268	0
78	158	0.257	0.04	12	7	4	26	0.257	0
78	160	0.244	0.039	14	8	4	24	0.244	0
78	162	0.227	0.039	16	9	4	22	0.227	0
78	164	0.208	0.038	20	10	4	20	0.208	0
78	166	0.189	0.036	22	11	4	18	0.189	0
78	168	0.173	0.034	25	12	4	16	0.173	0
78	170	0.158	0.032	28	12	4	14	0.158	0
80	96	0.168	0.06	26	13	2	14	0.168	0
80	98	0.234	0.083	22	12	2	16	0.234	0
80	100	0.299	0.071	15	10	2	18	0.299	0
80	102	0.322	0.053	12	8	2	20	0.322	0
80	104	0.303	0.064	14	9	2	22	0.303	0
80	106	0.242	0.07	23	13	2	20	0.242	0
80	108	0.198	0.058	29	13	2	18	0.198	0
80	110	0.173	0.044	32	12	2	16	0.173	0
80	112	0.16	0.041	34	12	2	14	0.16	0
80	140	0.151	0.05	24	13	2	14	0.151	0
80	142	0.177	0.061	21	12	2	16	0.177	0
80	144	0.257	0.058	14	8	2	18	0.257	0
80	146	0.277	0.048	11	6	2	20	0.277	0
80	148	0.273	0.044	11	6	2	22	0.273	0
80	150	0.279	0.042	11	6	2	24	0.279	0
80	152	0.276	0.042	11	6	2	26	0.276	0
80	154	0.273	0.041	12	7	2	28	0.273	0
80	156	0.265	0.041	12	7	2	28	0.265	0
80	158	0.255	0.041	13	7	2	26	0.255	0
80	160	0.242	0.041	14	8	2	24	0.242	0
80	162	0.222	0.041	18	10	2	22	0.222	0
80	164	0.198	0.041	23	11	2	20	0.198	0
80	166	0.175	0.038	27	12	2	18	0.175	0
80	168	0.158	0.037	29	12	2	16	0.158	0
82	98	0.178	0.083	25	13	0	16	0.178	0
82	100	0.305	0.075	15	10	0	18	0.305	0
82	102	0.297	0.067	15	10	0	20	0.297	0
82	104	0.28	0.071	17	11	0	22	0.28	0
82	106	0.246	0.081	22	13	0	20	0.246	0
82	108	0.181	0.066	30	13	0	18	0.181	0
82	110	0.154	0.047	33	13	0	16	0.154	0
82	144	0.236	0.064	15	9	0	18	0.236	0
82	146	0.274	0.047	11	6	0	20	0.274	0
82	148	0.267	0.044	11	6	0	22	0.267	0
82	150	0.274	0.042	11	6	0	24	0.274	0
82	152	0.271	0.042	11	6	0	26	0.271	0
82	154	0.269	0.041	12	7	0	28	0.269	0
82	156	0.263	0.042	12	7	0	28	0.263	0
82	158	0.253	0.041	13	7	0	26	0.253	0
82	160	0.241	0.041	14	8	0	24	0.241	0
82	162	0.217	0.043	18	10	0	22	0.217	0
82	164	0.188	0.043	25	12	0	20	0.188	0
82	166	0.164	0.041	29	13	0	18	0.164	0
84	104	0.304	0.061	14	9	2	22	0.304	0
84	106	0.271	0.066	20	12	2	20	0.271	0
84	108	0.241	0.064	25	14	2	18	0.241	0
84	110	0.188	0.053	33	13	2	16	0.188	0
84	112	0.169	0.048	34	13	2	14	0.169	0
84	140	0.167	0.046	18	10	2	14	0.167	0
84	142	0.179	0.051	17	10	2	16	0.179	0
84	144	0.231	0.056	14	8	2	18	0.231	0
84	146	0.263	0.048	11	6	2	20	0.263	0
84	148	0.263	0.044	11	6	2	22	0.263	0
84	150	0.271	0.043	10	6	2	24	0.271	0
84	152	0.268	0.042	11	6	2	26	0.268	0
84	154	0.266	0.041	11	6	2	28	0.266	0
84	156	0.26	0.042	12	7	2	28	0.26	0
84	158	0.25	0.041	13	7	2	26	0.25	0
84	160	0.238	0.041	14	8	2	24	0.238	0
84	162	0.215	0.043	17	10	2	22	0.215	0
84	164	0.186	0.043	24	12	2	20	0.186	0
84	166	0.163	0.041	29	13	2	18	0.163	0
86	106	0.304	0.064	15	10	4	20	0.304	0
86	108	0.257	0.06	22	12	4	18	0.257	0
86	110	0.222	0.055	27	13	4	16	0.222	0
86	112	0.186	0.047	31	13	4	14	0.186	0
86	136	0.154	0.034	18	10	4	10	0.154	0
86	138	0.177	0.037	16	9	4	12	0.177	0
86	140	0.201	0.039	14	8	4	14	0.201	0
86	142	0.216	0.046	13	8	4	16	0.216	0
86	144	0.25	0.049	11	6	4	18	0.25	0
86	146	0.265	0.045	10	6	4	20	0.265	0
86	148	0.265	0.044	10	6	4	22	0.265	0
86	150	0.278	0.043	10	6	4	24	0.278	0
86	152	0.272	0.043	10	6	4	26	0.272	0
86	154	0.275	0.041	11	6	4	28	0.275	0
86	156	0.259	0.041	11	6	4	28	0.259	0
86	158	0.255	0.042	12	7	4	26	0.255	0
86	160	0.237	0.04	13	7	4	24	0.237	0
86	162	0.216	0.042	16	9	4	22	0.216	0
86	164	0.19	0.041	21	11	4	20	0.19	0
86	166	0.166	0.04	25	12	4	18	0.166	0
88	108	0.301	0.067	16	9	6	18	0.301	0
88	110	0.244	0.056	23	12	6	16	0.244	0
88	112	0.204	0.046	28	13	6	14	0.204	0
88	114	0.16	0.04	28	13	6	12	0.16	0
88	134	0.154	0.034	18	10	6	8	0.154	0
88	136	0.187	0.035	14	8	6	10	0.187	0
88	138	0.209	0.036	13	7	6	12	0.209	0
88	140	0.227	0.039	12	7	6	14	0.227	0
88	142	0.244	0.044	11	6	6	16	0.244	0
88	144	0.265	0.044	10	5	6	18	0.265	0
88	146	0.269	0.041	9	5	6	20	0.269	0
88	148	0.274	0.043	9	5	6	22	0.274	0
88	150	0.283	0.042	9	5	6	24	0.283	0
88	152	0.279	0.041	10	5	6	26	0.279	0
88	154	0.277	0.041	10	6	6	28	0.277	0
88	156	0.269	0.042	11	6	6	28	0.269	0
88	158	0.257	0.041	11	6	6	26	0.257	0
88	160	0.24	0.039	12	7	6	24	0.24	0
88	162	0.223	0.04	14	8	6	22	0.223	0
88	164	0.197	0.039	18	10	6	20	0.197	0
88	166	0.173	0.038	22	11	6	18	0.173	0
88	168	0.153	0.037	25	12	6	16	0.153	0
88	198	0.17	0.035	15	8	6	14	0.17	0
90	114	0.171	0.041	26	13	8	12	0.171	0
90	134	0.181	0.037	15	9	8	8	0.181	0
90	136	0.215	0.035	12	7	8	10	0.215	0
90	138	0.239	0.037	11	6	8	12	0.239	0
90	140	0.254	0.039	11	6	8	14	0.254	0
90	142	0.272	0.042	10	5	8	16	0.272	0
90	144	0.279	0.04	9	5	8	18	0.279	0
90	146	0.291	0.036	8	4	8	20	0.291	0
90	148	0.283	0.042	9	5	8	22	0.283	0
90	150	0.285	0.041	9	5	8	24	0.285	0
90	152	0.281	0.041	9	5	8	26	0.281	0
90	154	0.283	0.04	10	5	8	28	0.283	0
90	156	0.276	0.041	10	6	8	28	0.276	0
90	158	0.256	0.037	11	6	8	26	0.256	0
90	160	0.248	0.038	12	6	8	24	0.248	0
90	162	0.23	0.038	13	7	8	22	0.23	0
90	164	0.206	0.037	16	9	8	20	0.206	0
90	166	0.182	0.036	20	11	8	18	0.182	0
90	168	0.161	0.036	24	12	8	16	0.161	0
90	196	0.165	0.037	15	9	8	12	0.165	0
90	198	0.19	0.035	12	7	8	14	0.19	0
92	132	0.152	0.04	20	11	10	6	0.152	0
92	134	0.213	0.042	13	7	10	8	0.213	0
92	136	0.239	0.037	11	6	10	10	0.239	0
92	138	0.266	0.038	10	5	10	12	0.266	0
92	140	0.279	0.039	10	5	10	14	0.279	0
92	142	0.283	0.038	9	5	10	16	0.283	0
92	144	0.288	0.036	8	4	10	18	0.288	0
92	146	0.292	0.037	8	4	10	20	0.292	0
92	148	0.294	0.041	8	4	10	22	0.294	0
92	150	0.295	0.041	8	4	10	24	0.295	0
92	152	0.288	0.04	9	5	10	26	0.288	0
92	154	0.29	0.039	9	5	10	28	0.29	0
92	156	0.281	0.041	10	5	10	28	0.281	0
92	158	0.271	0.038	10	6	10	26	0.271	0
92	160	0.251	0.035	11	6	10	24	0.251	0
92	162	0.239	0.037	12	6	10	22	0.239	0
92	164	0.215	0.036	15	8	10	20	0.215	0
92	166	0.192	0.035	18	10	10	18	0.192	0
92	168	0.17	0.035	23	12	10	16	0.17	0
92	170	0.15	0.034	25	12	10	14	0.15	0
92	196	0.184	0.039	14	8	10	12	0.184	0
92	198	0.209	0.037	11	6	10	14	0.209	0
94	132	0.192	0.058	17	10	12	6	0.192	0
94	134	0.254	0.051	13	7	12	8	0.254	0
94	136	0.26	0.042	11	6	12	10	0.26	0
94	138	0.281	0.04	10	5	12	12	0.281	0
94	140	0.291	0.039	10	5	12	14	0.291	0
94	142	0.294	0.038	9	5	12	16	0.294	0
94	144	0.295	0.034	8	4	12	18	0.295	0
94	146	0.301	0.035	8	4	12	20	0.301	0
94	148	0.303	0.038	8	4	12	22	0.303	0
94	150	0.3	0.038	8	4	12	24	0.3	0
94	152	0.292	0.037	8	4	12	26	0.292	0
94	154	0.295	0.039	9	5	12	28	0.295	0
94	156	0.289	0.04	9	5	12	28	0.289	0
94	158	0.279	0.037	10	5	12	26	0.279	0
94	160	0.257	0.035	11	6	12	24	0.257	0
94	162	0.245	0.036	11	6	12	22	0.245	0
94	164	0.225	0.035	13	7	12	20	0.225	0
94	166	0.203	0.034	17	9	12	18	0.203	0
94	168	0.181	0.035	22	11	12	16	0.181	0
94	170	0.159	0.034	25	12	12	14	0.159	0
94	194	0.164	0.047	17	10	12	10	0.164	0
94	196	0.213	0.046	13	7	12	12	0.213	0
94	198	0.227	0.039	11	6	12	14	0.227	0
96	132	0.278	0.074	15	8	14	6	0.278	0
96	134	0.299	0.06	14	7	14	8	0.299	0
96	136	0.293	0.05	12	6	14	10	0.293	0
96	138	0.296	0.042	11	6	14	12	0.296	0
96	140	0.308	0.041	10	5	14	14	0.308	0
96	142	0.303	0.038	9	5	14	16	0.303	0
96	144	0.303	0.034	8	4	14	18	0.303	0
96	146	0.306	0.034	8	4	14	20	0.306	0
96	148	0.31	0.036	8	4	14	22	0.31	0
96	150	0.306	0.035	7	4	14	24	0.306	0
96	152	0.299	0.036	8	4	14	26	0.299	0
96	154	0.296	0.037	8	5	14	28	0.296	0
96	156	0.294	0.04	9	5	14	28	0.294	0
96	158	0.286	0.038	9	5	14	26	0.286	0
96	160	0.271	0.037	10	5	14	24	0.271	0
96	162	0.258	0.037	10	5	14	22	0.258	0
96	164	0.235	0.036	12	7	14	20	0.235	0
96	166	0.214	0.035	15	8	14	18	0.214	0
96	168	0.191	0.035	21	11	14	16	0.191	0
96	170	0.169	0.034	26	12	14	14	0.169	0
96	194	0.242	0.066	16	8	14	10	0.242	0
96	196	0.251	0.052	13	7	14	12	0.251	0
96	198	0.258	0.044	12	6	14	14	0.258	0
98	130	?	?	?	?	16	4	?	0
98	132	0.359	0.07	16	8	16	6	0.359	0
98	134	0.346	0.059	15	7	16	8	0.346	0
98	136	0.327	0.053	13	6	16	10	0.327	0
98	138	0.329	0.045	12	6	16	12	0.329	0
98	140	0.323	0.041	11	6	16	14	0.323	0
98	142	0.315	0.039	9	5	16	16	0.315	0
98	144	0.307	0.034	8	4	16	18	0.307	0
98	146	0.309	0.035	8	4	16	20	0.309	0
98	148	0.31	0.035	8	4	16	22	0.31	0
98	150	0.308	0.034	7	4	16	24	0.308	0
98	152	0.301	0.033	7	4	16	26	0.301	0
98	154	0.298	0.034	8	4	16	28	0.298	0
98	156	0.294	0.036	8	4	16	28	0.294	0
98	158	0.284	0.037	9	5	16	26	0.284	0
98	160	0.27	0.035	10	5	16	24	0.27	0
98	162	0.264	0.036	10	5	16	22	0.264	0
98	164	0.245	0.036	11	6	16	20	0.245	0
98	166	0.225	0.037	14	8	16	18	0.225	0
98	168	0.201	0.035	19	10	16	16	0.201	0
98	170	0.177	0.034	25	12	16	14	0.177	0
98	172	0.156	0.033	29	13	16	12	0.156	0
98	192	0.263	0.087	18	9	16	8	0.263	0
98	194	0.277	0.057	16	8	16	10	0.277	0
98	196	0.271	0.05	14	7	16	12	0.271	0
98	198	0.268	0.045	12	6	16	14	0.268	0
100	130	?	?	?	?	18	4	?	0
100	132	?	?	?	?	18	6	?	0
100	134	?	?	?	?	18	8	?	0
100	136	0.352	0.056	14	7	18	10	0.352	0
100	138	0.338	0.048	12	6	18	12	0.338	0
100	140	0.331	0.042	11	6	18	14	0.331	0
100	142	0.32	0.04	9	5	18	16	0.32	0
100	144	0.31	0.035	8	4	18	18	0.31	0
100	146	0.309	0.034	8	4	18	20	0.309	0
100	148	0.309	0.035	8	4	18	22	0.309	0
100	150	0.306	0.032	7	4	18	24	0.306	0
100	152	0.302	0.032	7	4	18	26	0.302	0
100	154	0.298	0.032	7	4	18	28	0.298	0
100	156	0.294	0.034	8	4	18	28	0.294	0
100	158	0.284	0.035	9	5	18	26	0.284	0
100	160	0.271	0.033	9	5	18	24	0.271	0
100	162	0.264	0.033	9	5	18	22	0.264	0
100	164	0.252	0.035	10	5	18	20	0.252	0
100	166	0.236	0.038	12	7	18	18	0.236	0
100	168	0.213	0.038	17	9	18	16	0.213	0
100	170	0.184	0.035	24	12	18	14	0.184	0
100	172	0.162	0.033	30	13	18	12	0.162	0
100	190	0.213	0.116	21	12	18	6	0.213	0
100	192	0.321	0.06	16	8	18	8	0.321	0
100	194	0.301	0.053	16	8	18	10	0.301	0
100	196	0.291	0.05	14	7	18	12	0.291	0
100	198	0.284	0.045	12	6	18	14	0.284	0
102	134	?	?	?	?	20	8	?	0
102	136	?	?	?	?	20	10	?	0
102	138	0.356	0.052	12	6	20	12	0.356	0
102	140	0.34	0.044	11	6	20	14	0.34	0
102	142	0.323	0.041	9	5	20	16	0.323	0
102	144	0.313	0.036	8	4	20	18	0.313	0
102	146	0.31	0.036	8	4	20	20	0.31	0
102	148	0.308	0.036	8	4	20	22	0.308	0
102	150	0.304	0.033	7	4	20	24	0.304	0
102	152	0.3	0.032	7	4	20	26	0.3	0
102	154	0.296	0.03	7	4	20	28	0.296	0
102	156	0.293	0.033	7	4	20	28	0.293	0
102	158	0.283	0.034	8	4	20	26	0.283	0
102	160	0.271	0.032	9	5	20	24	0.271	0
102	162	0.265	0.031	9	4	20	22	0.265	0
102	164	0.258	0.034	9	5	20	20	0.258	0
102	166	0.244	0.036	11	6	20	18	0.244	0
102	168	0.224	0.039	15	8	20	16	0.224	0
102	170	0.19	0.036	22	12	20	14	0.19	0
102	172	0.165	0.033	28	13	20	12	0.165	0
102	190	0.393	0.068	10	7	20	6	0.393	0
102	192	0.356	0.062	12	7	20	8	0.356	0
102	194	0.331	0.059	13	8	20	10	0.331	0
102	196	0.313	0.053	12	7	20	12	0.313	0
102	198	0.3	0.047	12	6	20	14	0.3	0
104	140	0.353	0.048	11	6	22	14	0.353	0
104	142	0.326	0.042	9	5	22	16	0.326	0
104	144	0.317	0.038	8	4	22	18	0.317	0
104	146	0.313	0.036	8	4	22	20	0.313	0
104	148	0.308	0.036	8	4	22	22	0.308	0
104	150	0.303	0.034	7	4	22	24	0.303	0
104	152	0.299	0.033	7	4	22	26	0.299	0
104	154	0.293	0.031	7	4	22	28	0.293	0
104	156	0.289	0.033	7	4	22	28	0.289	0
104	158	0.281	0.034	8	4	22	26	0.281	0
104	160	0.271	0.032	9	4	22	24	0.271	0
104	162	0.264	0.029	8	4	22	22	0.264	0
104	164	0.258	0.031	9	5	22	20	0.258	0
104	166	0.246	0.034	11	6	22	18	0.246	0
104	168	0.23	0.037	13	7	22	16	0.23	0
104	170	0.197	0.037	19	11	22	14	0.197	0
104	172	0.167	0.033	27	13	22	12	0.167	0
104	188	?	?	?	?	22	4	?	0
104	190	0.417	0.057	7	4	22	6	0.417	0
104	192	0.389	0.056	8	5	22	8	0.389	0
104	194	0.382	0.056	8	5	22	10	0.382	0
104	196	0.346	0.052	9	6	22	12	0.346	0
104	198	0.327	0.047	9	6	22	14	0.327	0
106	144	0.329	0.033	9	5	20	18	0.329	0
106	146	0.314	0.038	9	4	20	20	0.314	0
106	148	0.306	0.037	9	4	20	22	0.306	0
106	150	0.3	0.034	8	4	20	24	0.3	0
106	152	0.295	0.034	7	4	20	26	0.295	0
106	154	0.29	0.031	7	4	20	28	0.29	0
106	156	0.285	0.032	8	4	20	28	0.285	0
106	158	0.278	0.034	8	4	20	26	0.278	0
106	160	0.27	0.033	9	4	20	24	0.27	0
106	162	0.264	0.029	8	4	20	22	0.264	0
106	164	0.259	0.029	9	5	20	20	0.259	0
106	166	0.247	0.032	10	5	20	18	0.247	0
106	168	0.232	0.034	12	6	20	16	0.232	0
106	170	0.202	0.037	17	10	20	14	0.202	0
106	172	0.169	0.033	24	13	20	12	0.169	0
106	188	?	?	?	?	20	4	?	0
106	190	0.426	0.05	7	4	20	6	0.426	0
106	192	0.406	0.05	7	4	20	8	0.406	0
106	194	0.389	0.048	7	4	20	10	0.389	0
106	196	0.371	0.047	7	4	20	12	0.371	0
106	198	0.35	0.045	8	5	20	14	0.35	0
108	148	0.315	0.041	9	5	18	22	0.315	0
108	150	0.299	0.034	8	4	18	24	0.299	0
108	152	0.292	0.033	8	4	18	26	0.292	0
108	154	0.287	0.032	8	4	18	28	0.287	0
108	156	0.282	0.032	8	4	18	28	0.282	0
108	158	0.275	0.034	8	4	18	26	0.275	0
108	160	0.269	0.035	9	4	18	24	0.269	0
108	162	0.265	0.031	8	4	18	22	0.265	0
108	164	0.256	0.029	9	5	18	20	0.256	0
108	166	0.243	0.03	10	5	18	18	0.243	0
108	168	0.228	0.032	12	6	18	16	0.228	0
108	170	0.201	0.035	16	9	18	14	0.201	0
108	172	0.169	0.032	22	12	18	12	0.169	0
108	188	?	?	?	?	18	4	?	0
108	190	0.438	0.048	6	3	18	6	0.438	0
108	192	0.422	0.047	6	4	18	8	0.422	0
108	194	0.406	0.045	6	4	18	10	0.406	0
108	196	0.387	0.045	7	4	18	12	0.387	0
108	198	0.371	0.045	7	4	18	14	0.371	0
110	154	0.283	0.033	8	4	16	28	0.283	0
110	156	0.275	0.031	9	5	16	28	0.275	0
110	158	0.268	0.031	9	5	16	26	0.268	0
110	160	0.261	0.032	9	5	16	24	0.261	0
110	162	0.258	0.032	9	4	16	22	0.258	0
110	164	0.249	0.029	9	5	16	20	0.249	0
110	166	0.235	0.029	11	6	16	18	0.235	0
110	168	0.221	0.03	12	6	16	16	0.221	0
110	170	0.196	0.034	16	9	16	14	0.196	0
110	172	0.166	0.031	20	11	16	12	0.166	0
110	188	?	?	?	?	16	4	?	0
110	190	?	?	?	?	16	6	?	0
110	192	0.434	0.044	6	3	16	8	0.434	0
110	194	0.423	0.044	6	3	16	10	0.423	0
110	196	0.403	0.044	6	3	16	12	0.403	0
34	82	0.141	0.048	30	13	6	0	0.052	1	0.368794326
36	80	0.133	0.039	30	12	8	2	0.08	1	0.601503759
36	82	0.116	0.033	31	12	8	0	0.062	1	0.534482759
36	84	0.115	0.037	31	13	8	2	0.08	1	0.695652174
38	78	0.145	0.043	31	13	10	4	0.108	1	0.744827586
38	80	0.122	0.036	31	12	10	2	0.09	1	0.737704918
38	82	0.107	0.029	31	12	10	0	0.072	1	0.672897196
38	84	0.102	0.033	31	13	10	2	0.09	1	0.882352941
40	50	0.148	0.046	28	12	10	0	0.072	1	0.486486486
40	78	0.144	0.044	31	13	10	4	0.108	1	0.75
40	80	0.116	0.035	31	12	10	2	0.09	1	0.775862069
40	82	0.104	0.027	29	12	10	0	0.072	1	0.692307692
40	84	0.098	0.032	31	13	10	2	0.09	1	0.918367347
40	86	0.116	0.037	29	13	10	4	0.108	1	0.931034483
42	50	0.144	0.045	27	12	8	0	0.062	1	0.430555556
42	78	0.14	0.046	30	13	8	4	0.098	1	0.7
42	80	0.112	0.035	31	12	8	2	0.08	1	0.714285714
42	82	0.1	0.027	27	12	8	0	0.062	1	0.62
42	84	0.096	0.031	30	12	8	2	0.08	1	0.833333333
42	86	0.115	0.036	28	13	8	4	0.098	1	0.852173913
42	88	0.126	0.042	28	13	8	6	0.116	1	0.920634921
42	90	0.134	0.047	28	13	8	8	0.134	1	1
42	92	0.146	0.055	28	13	8	10	0.146	1	1
44	50	0.142	0.044	27	12	6	0	0.052	1	0.366197183
44	78	0.135	0.044	29	13	6	4	0.088	1	0.651851852
44	80	0.109	0.033	30	12	6	2	0.07	1	0.642201835
44	82	0.101	0.028	26	12	6	0	0.052	1	0.514851485
44	84	0.094	0.03	29	12	6	2	0.07	1	0.744680851
44	86	0.108	0.038	27	14	6	4	0.088	1	0.814814815
44	88	0.127	0.042	26	13	6	6	0.106	1	0.834645669
44	90	0.138	0.048	26	13	6	8	0.124	1	0.898550725
46	50	0.141	0.043	28	12	4	0	0.042	1	0.29787234
46	52	0.142	0.043	28	12	4	2	0.06	1	0.422535211
46	78	0.129	0.042	28	13	4	4	0.078	1	0.604651163
46	80	0.106	0.032	30	12	4	2	0.06	1	0.566037736
46	82	0.103	0.028	27	12	4	0	0.042	1	0.40776699
46	84	0.09	0.029	29	12	4	2	0.06	1	0.666666667
46	86	0.112	0.035	28	13	4	4	0.078	1	0.696428571
46	88	0.126	0.041	26	13	4	6	0.096	1	0.761904762
46	90	0.138	0.047	26	13	4	8	0.114	1	0.826086957
48	48	0.149	0.052	29	12	2	2	0.05	1	0.33557047
48	50	0.134	0.044	31	12	2	0	0.032	1	0.23880597
48	52	0.127	0.04	29	13	2	2	0.05	1	0.393700787
48	74	0.144	0.045	28	13	2	8	0.104	1	0.722222222
48	76	0.134	0.042	28	13	2	6	0.086	1	0.641791045
48	78	0.12	0.038	28	13	2	4	0.068	1	0.566666667
48	80	0.101	0.03	31	12	2	2	0.05	1	0.495049505
48	82	0.105	0.029	30	13	2	0	0.032	1	0.304761905
48	84	0.078	0.027	26	16	2	2	0.05	1	0.641025641
48	86	0.096	0.035	26	15	2	4	0.068	1	0.708333333
48	88	0.119	0.039	27	13	2	6	0.086	1	0.722689076
48	90	0.13	0.043	27	13	2	8	0.104	1	0.8
48	92	0.147	0.049	26	13	2	10	0.122	1	0.829931973
48	116	0.147	0.042	26	13	2	10	0.122	1	0.829931973
48	118	0.133	0.039	26	13	2	8	0.104	1	0.781954887
48	120	0.12	0.035	27	13	2	6	0.086	1	0.716666667
48	122	0.108	0.033	28	13	2	4	0.068	1	0.62962963
48	124	0.096	0.03	30	12	2	2	0.05	1	0.520833333
48	126	0.093	0.03	30	13	2	0	0.032	1	0.344086022
50	46	0.144	0.046	29	13	0	4	0.058	1	0.402777778
50	48	0.139	0.045	31	12	0	2	0.04	1	0.287769784
50	52	0.122	0.035	30	12	0	2	0.04	1	0.327868852
50	54	0.148	0.043	28	13	0	4	0.058	1	0.391891892
50	72	0.14	0.044	28	13	0	10	0.112	1	0.8
50	74	0.133	0.04	29	13	0	8	0.094	1	0.706766917
50	76	0.124	0.038	29	13	0	6	0.076	1	0.612903226
50	78	0.108	0.035	30	14	0	4	0.058	1	0.537037037
50	80	0.095	0.028	32	12	0	2	0.04	1	0.421052632
50	82	0.128	0.024	31	13	0	0	0.022	1	0.171875
50	84	0.078	0.025	30	12	0	2	0.04	1	0.512820513
50	86	0.099	0.032	30	13	0	4	0.058	1	0.585858586
50	88	0.11	0.037	29	13	0	6	0.076	1	0.690909091
50	90	0.119	0.04	28	13	0	8	0.094	1	0.789915966
50	92	0.131	0.044	28	13	0	10	0.112	1	0.854961832
50	116	0.14	0.041	27	13	0	10	0.112	1	0.8
50	118	0.126	0.037	27	13	0	8	0.094	1	0.746031746
50	120	0.112	0.033	28	13	0	6	0.076	1	0.678571429
50	122	0.099	0.03	29	13	0	4	0.058	1	0.585858586
50	124	0.087	0.026	30	12	0	2	0.04	1	0.459770115
50	126	0.098	0.023	32	13	0	0	0.022	1	0.224489796
52	74	0.143	0.041	28	13	2	8	0.104	1	0.727272727
52	76	0.131	0.038	28	13	2	6	0.086	1	0.65648855
52	78	0.116	0.034	29	13	2	4	0.068	1	0.586206897
52	80	0.095	0.03	30	14	2	2	0.05	1	0.526315789
52	82	0.099	0.029	29	12	2	0	0.032	1	0.323232323
52	84	0.106	0.031	28	12	2	2	0.05	1	0.471698113
52	86	0.119	0.038	23	14	2	4	0.068	1	0.571428571
52	88	0.147	0.04	24	12	2	6	0.086	1	0.585034014
52	118	0.132	0.038	28	13	2	8	0.104	1	0.787878788
52	120	0.115	0.034	29	13	2	6	0.086	1	0.747826087
52	122	0.101	0.03	29	13	2	4	0.068	1	0.673267327
52	124	0.084	0.027	29	12	2	2	0.05	1	0.595238095
52	126	0.092	0.021	32	12	2	0	0.032	1	0.347826087
52	128	0.078	0.025	30	13	2	2	0.05	1	0.641025641
54	78	0.137	0.041	28	13	4	4	0.078	1	0.569343066
54	80	0.112	0.033	30	12	4	2	0.06	1	0.535714286
54	82	0.116	0.03	30	13	4	0	0.042	1	0.362068966
54	84	0.116	0.032	27	12	4	2	0.06	1	0.517241379
54	118	0.147	0.039	28	13	4	8	0.114	1	0.775510204
54	120	0.126	0.036	29	13	4	6	0.096	1	0.761904762
54	122	0.106	0.031	29	13	4	4	0.078	1	0.735849057
54	124	0.086	0.027	29	12	4	2	0.06	1	0.697674419
54	126	0.089	0.02	31	12	4	0	0.042	1	0.471910112
54	128	0.082	0.025	30	12	4	2	0.06	1	0.731707317
56	80	0.119	0.035	30	12	6	2	0.07	1	0.588235294
56	82	0.122	0.03	31	13	6	0	0.052	1	0.426229508
56	84	0.12	0.033	27	12	6	2	0.07	1	0.583333333
56	120	0.133	0.035	28	13	6	6	0.106	1	0.796992481
56	122	0.109	0.031	29	13	6	4	0.088	1	0.80733945
56	124	0.087	0.026	28	12	6	2	0.07	1	0.804597701
56	126	0.086	0.019	31	12	6	0	0.052	1	0.604651163
56	128	0.08	0.025	30	12	6	2	0.07	1	0.875
58	80	0.123	0.035	29	12	8	2	0.08	1	0.650406504
58	82	0.123	0.03	31	12	8	0	0.062	1	0.504065041
58	84	0.12	0.034	28	12	8	2	0.08	1	0.666666667
58	120	0.137	0.035	28	13	8	6	0.116	1	0.846715328
58	122	0.111	0.031	29	13	8	4	0.098	1	0.882882883
58	124	0.086	0.026	27	12	8	2	0.08	1	0.930232558
58	126	0.086	0.019	31	12	8	0	0.062	1	0.720930233
58	128	0.078	0.024	30	12	8	2	0.078	1	1
60	80	0.124	0.035	29	12	10	2	0.09	1	0.725806452
60	82	0.125	0.029	30	12	10	0	0.072	1	0.576
60	84	0.118	0.034	28	12	10	2	0.09	1	0.762711864
60	120	0.14	0.035	29	13	10	6	0.126	1	0.9
60	122	0.111	0.03	29	13	10	4	0.108	1	0.972972973
60	124	0.085	0.026	27	12	10	2	0.085	1	1
60	126	0.083	0.017	31	12	10	0	0.072	1	0.86746988
60	128	0.075	0.024	30	12	10	2	0.075	1	1
60	130	0.098	0.029	28	13	10	4	0.098	1	1
60	132	0.118	0.035	26	13	10	6	0.118	1	1
60	134	0.141	0.042	25	13	10	8	0.141	1	1
62	80	0.123	0.035	30	12	12	2	0.1	1	0.81300813
62	82	0.117	0.032	30	12	12	0	0.082	1	0.700854701
62	84	0.116	0.033	28	12	12	2	0.1	1	0.862068966
62	120	0.141	0.035	30	13	12	6	0.136	1	0.964539007
62	122	0.111	0.03	30	13	12	4	0.111	1	1
62	124	0.084	0.026	27	12	12	2	0.084	1	1
62	126	0.082	0.017	30	12	12	0	0.082	1	1
62	128	0.073	0.024	29	12	12	2	0.073	1	1
62	130	0.097	0.029	29	13	12	4	0.097	1	1
62	132	0.117	0.035	27	13	12	6	0.117	1	1
62	134	0.144	0.042	26	13	12	8	0.144	1	1
64	80	0.124	0.036	30	12	14	2	0.11	1	0.887096774
64	82	0.116	0.031	30	12	14	0	0.092	1	0.793103448
64	84	0.116	0.033	28	12	14	2	0.11	1	0.948275862
64	120	0.144	0.034	32	13	14	6	0.144	1	1
64	122	0.112	0.03	31	13	14	4	0.112	1	1
64	124	0.084	0.027	27	12	14	2	0.084	1	1
64	126	0.081	0.017	30	12	14	0	0.081	1	1
64	128	0.072	0.024	29	12	14	2	0.072	1	1
64	130	0.096	0.029	29	13	14	4	0.096	1	1
64	132	0.118	0.036	27	13	14	6	0.118	1	1
64	134	0.148	0.043	26	13	14	8	0.148	1	1
66	80	0.128	0.038	31	12	16	2	0.12	1	0.9375
66	82	0.113	0.033	30	12	16	0	0.102	1	0.902654867
66	84	0.117	0.033	28	12	16	2	0.117	1	1
66	120	0.146	0.034	34	13	16	6	0.146	1	1
66	122	0.113	0.03	32	13	16	4	0.113	1	1
66	124	0.086	0.028	27	12	16	2	0.086	1	1
66	126	0.08	0.018	30	12	16	0	0.08	1	1
66	128	0.072	0.023	29	12	16	2	0.072	1	1
66	130	0.097	0.029	29	12	16	4	0.097	1	1
66	132	0.12	0.036	28	13	16	6	0.12	1	1
68	80	0.127	0.038	31	12	14	2	0.11	1	0.866141732
68	82	0.118	0.034	30	12	14	0	0.092	1	0.779661017
68	84	0.119	0.033	28	12	14	2	0.11	1	0.924369748
68	120	0.148	0.033	35	13	14	6	0.146	1	0.986486486
68	122	0.114	0.03	33	13	14	4	0.114	1	1
68	124	0.087	0.028	27	12	14	2	0.087	1	1
68	126	0.079	0.018	30	12	14	0	0.079	1	1
68	128	0.071	0.023	29	12	14	2	0.071	1	1
68	130	0.097	0.029	28	12	14	4	0.097	1	1
68	132	0.12	0.036	27	13	14	6	0.12	1	1
70	80	0.12	0.037	31	12	12	2	0.1	1	0.833333333
70	82	0.117	0.033	30	12	12	0	0.082	1	0.700854701
70	84	0.117	0.033	28	12	12	2	0.1	1	0.854700855
70	120	0.147	0.032	35	13	12	6	0.136	1	0.925170068
70	122	0.114	0.029	34	13	12	4	0.114	1	1
70	124	0.089	0.028	27	12	12	2	0.089	1	1
70	126	0.078	0.018	30	12	12	0	0.078	1	1
70	128	0.069	0.023	28	12	12	2	0.069	1	1
70	130	0.095	0.029	28	12	12	4	0.095	1	1
70	132	0.118	0.035	27	13	12	6	0.118	1	1
70	134	0.147	0.041	25	12	12	8	0.147	1	1
70	176	0.132	0.033	32	13	12	8	0.132	1	1
70	178	0.11	0.03	31	13	12	6	0.11	1	1
70	180	0.09	0.028	30	13	12	4	0.09	1	1
70	182	0.077	0.024	31	13	12	2	0.077	1	1
70	184	0.069	0.022	32	13	12	0	0.069	1	1
70	186	0.067	0.023	31	13	12	2	0.067	1	1
72	80	0.116	0.035	31	12	10	2	0.09	1	0.775862069
72	82	0.116	0.033	30	13	10	0	0.072	1	0.620689655
72	84	0.107	0.031	28	12	10	2	0.09	1	0.841121495
72	120	0.144	0.031	35	13	10	6	0.126	1	0.875
72	122	0.113	0.029	34	13	10	4	0.108	1	0.955752212
72	124	0.09	0.028	27	13	10	2	0.09	1	1
72	126	0.078	0.018	30	12	10	0	0.072	1	0.923076923
72	128	0.067	0.022	28	12	10	2	0.067	1	1
72	130	0.092	0.028	28	12	10	4	0.092	1	1
72	132	0.113	0.034	27	13	10	6	0.113	1	1
72	134	0.139	0.039	25	12	10	8	0.139	1	1
72	176	0.129	0.031	32	13	10	8	0.129	1	1
72	178	0.107	0.028	31	13	10	6	0.107	1	1
72	180	0.087	0.026	30	13	10	4	0.087	1	1
72	182	0.073	0.022	30	13	10	2	0.073	1	1
72	184	0.071	0.02	32	13	10	0	0.071	1	1
72	186	0.065	0.021	31	13	10	2	0.065	1	1
74	82	0.112	0.033	31	13	8	0	0.062	1	0.553571429
74	84	0.105	0.03	28	12	8	2	0.08	1	0.761904762
74	86	0.142	0.038	27	13	8	4	0.098	1	0.690140845
74	120	0.14	0.031	34	13	8	6	0.116	1	0.828571429
74	122	0.11	0.028	34	13	8	4	0.098	1	0.890909091
74	124	0.09	0.028	27	13	8	2	0.08	1	0.888888889
74	126	0.077	0.017	31	12	8	0	0.062	1	0.805194805
74	128	0.063	0.021	28	12	8	2	0.063	1	1
74	130	0.088	0.028	28	12	8	4	0.088	1	1
74	132	0.106	0.032	28	13	8	6	0.106	1	1
74	134	0.128	0.037	26	13	8	8	0.128	1	1
74	174	0.145	0.03	32	13	8	10	0.145	1	1
74	176	0.124	0.029	32	13	8	8	0.124	1	1
74	178	0.104	0.026	32	13	8	6	0.104	1	1
74	180	0.084	0.024	30	13	8	4	0.084	1	1
74	182	0.07	0.02	30	13	8	2	0.07	1	1
74	184	0.07	0.019	32	12	8	0	0.062	1	0.885714286
74	186	0.063	0.02	32	13	8	2	0.063	1	1
76	84	0.087	0.027	30	15	6	2	0.07	1	0.804597701
76	86	0.125	0.037	28	13	6	4	0.088	1	0.704
76	120	0.131	0.031	34	13	6	6	0.106	1	0.809160305
76	122	0.105	0.026	34	13	6	4	0.088	1	0.838095238
76	124	0.087	0.028	28	13	6	2	0.07	1	0.804597701
76	126	0.076	0.017	31	12	6	0	0.052	1	0.684210526
76	128	0.06	0.019	28	12	6	2	0.06	1	1
76	130	0.083	0.026	28	12	6	4	0.083	1	1
76	132	0.098	0.03	28	13	6	6	0.098	1	1
76	134	0.116	0.034	27	13	6	8	0.116	1	1
76	136	0.139	0.04	25	13	6	10	0.139	1	1
76	174	0.138	0.03	32	13	6	10	0.138	1	1
76	176	0.117	0.028	32	12	6	8	0.117	1	1
76	178	0.1	0.025	32	13	6	6	0.1	1	1
76	180	0.08	0.023	30	13	6	4	0.08	1	1
76	182	0.067	0.018	30	13	6	2	0.067	1	1
76	184	0.069	0.018	32	12	6	0	0.052	1	0.753623188
76	186	0.06	0.019	31	13	6	2	0.06	1	1
78	88	0.13	0.038	29	13	4	6	0.096	1	0.738461538
78	90	0.137	0.038	28	13	4	8	0.114	1	0.832116788
78	116	0.148	0.034	32	13	4	10	0.132	1	0.891891892
78	118	0.135	0.032	32	12	4	8	0.114	1	0.844444444
78	120	0.12	0.029	34	12	4	6	0.096	1	0.8
78	122	0.099	0.025	34	13	4	4	0.078	1	0.787878788
78	124	0.082	0.027	29	14	4	2	0.06	1	0.731707317
78	126	0.074	0.017	31	12	4	0	0.042	1	0.567567568
78	128	0.056	0.018	28	12	4	2	0.056	1	1
78	130	0.077	0.024	29	13	4	4	0.077	1	1
78	132	0.09	0.027	29	13	4	6	0.09	1	1
78	134	0.103	0.031	28	13	4	8	0.103	1	1
78	136	0.119	0.037	27	13	4	10	0.119	1	1
78	138	0.145	0.044	25	13	4	12	0.145	1	1
78	172	0.144	0.031	32	13	4	12	0.144	1	1
78	174	0.127	0.03	33	12	4	10	0.127	1	1
78	176	0.109	0.026	33	12	4	8	0.109	1	1
78	178	0.094	0.024	33	12	4	6	0.094	1	1
78	180	0.075	0.022	31	13	4	4	0.075	1	1
78	182	0.063	0.018	29	13	4	2	0.06	1	0.952380952
78	184	0.066	0.017	32	12	4	0	0.042	1	0.636363636
78	186	0.057	0.017	31	13	4	2	0.057	1	1
80	92	0.123	0.037	28	13	2	10	0.122	1	0.991869919
80	94	0.141	0.043	27	13	2	12	0.14	1	0.992907801
80	114	0.132	0.036	32	13	2	12	0.132	1	1
80	116	0.121	0.033	32	13	2	10	0.121	1	1
80	118	0.11	0.03	31	12	2	8	0.104	1	0.945454545
80	120	0.1	0.027	32	12	2	6	0.086	1	0.86
80	122	0.088	0.023	32	13	2	4	0.068	1	0.772727273
80	124	0.069	0.023	25	12	2	2	0.05	1	0.724637681
80	126	0.069	0.016	31	13	2	0	0.032	1	0.463768116
80	128	0.054	0.017	28	12	2	2	0.05	1	0.925925926
80	130	0.072	0.022	29	12	2	4	0.068	1	0.944444444
80	132	0.083	0.025	29	13	2	6	0.083	1	1
80	134	0.092	0.029	29	13	2	8	0.092	1	1
80	136	0.103	0.033	28	13	2	10	0.103	1	1
80	138	0.117	0.038	27	13	2	12	0.117	1	1
80	170	0.143	0.034	32	12	2	14	0.143	1	1
80	172	0.129	0.032	33	13	2	12	0.129	1	1
80	174	0.112	0.03	33	13	2	10	0.112	1	1
80	176	0.097	0.026	32	12	2	8	0.097	1	1
80	178	0.084	0.024	32	12	2	6	0.084	1	1
80	180	0.066	0.02	29	13	2	4	0.066	1	1
80	182	0.055	0.017	28	13	2	2	0.05	1	0.909090909
80	184	0.062	0.015	32	12	2	0	0.032	1	0.516129032
80	186	0.055	0.016	30	12	2	2	0.05	1	0.909090909
82	96	0.133	0.043	28	13	0	14	0.133	1	1
82	112	0.137	0.044	33	13	0	14	0.137	1	1
82	114	0.112	0.034	32	13	0	12	0.112	1	1
82	116	0.103	0.031	31	13	0	10	0.103	1	1
82	118	0.093	0.028	31	12	0	8	0.093	1	1
82	120	0.083	0.024	31	13	0	6	0.076	1	0.915662651
82	122	0.076	0.021	30	13	0	4	0.058	1	0.763157895
82	124	0.058	0.018	25	13	0	2	0.04	1	0.689655172
82	126	0.076	0.012	27	12	0	0	0.022	1	0.289473684
82	128	0.05	0.015	30	12	0	2	0.04	1	0.8
82	130	0.068	0.021	29	12	0	4	0.058	1	0.852941176
82	132	0.08	0.024	29	13	0	6	0.076	1	0.95
82	134	0.087	0.027	29	13	0	8	0.087	1	1
82	136	0.095	0.031	28	13	0	10	0.095	1	1
82	138	0.107	0.036	27	13	0	12	0.107	1	1
82	140	0.128	0.045	25	13	0	14	0.128	1	1
82	142	0.14	0.049	24	13	0	16	0.14	1	1
82	168	0.145	0.04	31	13	0	16	0.145	1	1
82	170	0.127	0.037	32	13	0	14	0.127	1	1
82	172	0.11	0.034	32	13	0	12	0.11	1	1
82	174	0.094	0.029	31	13	0	10	0.094	1	1
82	176	0.084	0.025	31	13	0	8	0.084	1	1
82	178	0.073	0.022	30	13	0	6	0.073	1	1
82	180	0.058	0.018	28	13	0	4	0.058	1	1
82	182	0.047	0.015	27	13	0	2	0.04	1	0.85106383
82	184	0.052	0.013	30	12	0	0	0.022	1	0.423076923
82	186	0.051	0.015	31	13	0	2	0.04	1	0.784313725
84	114	0.117	0.036	30	13	2	12	0.117	1	1
84	116	0.106	0.032	30	13	2	10	0.106	1	1
84	118	0.096	0.029	30	13	2	8	0.096	1	1
84	120	0.086	0.026	30	13	2	6	0.086	1	1
84	122	0.078	0.022	30	13	2	4	0.068	1	0.871794872
84	124	0.062	0.02	26	13	2	2	0.05	1	0.806451613
84	126	0.062	0.017	27	12	2	0	0.032	1	0.516129032
84	128	0.057	0.02	28	13	2	2	0.05	1	0.877192982
84	130	0.085	0.022	25	12	2	4	0.068	1	0.8
84	132	0.096	0.025	25	12	2	6	0.086	1	0.895833333
84	134	0.107	0.028	24	12	2	8	0.104	1	0.971962617
84	136	0.12	0.033	22	12	2	10	0.12	1	1
84	138	0.136	0.039	21	11	2	12	0.136	1	1
84	168	0.143	0.039	31	13	2	16	0.143	1	1
84	170	0.126	0.037	31	13	2	14	0.126	1	1
84	172	0.11	0.034	32	13	2	12	0.11	1	1
84	174	0.095	0.029	31	13	2	10	0.095	1	1
84	176	0.085	0.025	31	13	2	8	0.085	1	1
84	178	0.075	0.023	30	12	2	6	0.075	1	1
84	180	0.06	0.019	29	13	2	4	0.06	1	1
84	182	0.053	0.016	27	13	2	2	0.05	1	0.943396226
84	184	0.064	0.016	31	12	2	0	0.032	1	0.5
84	186	0.051	0.015	28	12	2	2	0.05	1	0.980392157
86	114	0.14	0.039	30	13	4	12	0.14	1	1
86	116	0.126	0.035	30	13	4	10	0.126	1	1
86	118	0.112	0.032	31	13	4	8	0.112	1	1
86	120	0.098	0.028	31	13	4	6	0.096	1	0.979591837
86	122	0.086	0.024	31	13	4	4	0.078	1	0.906976744
86	124	0.07	0.024	27	13	4	2	0.06	1	0.857142857
86	126	0.071	0.019	27	12	4	0	0.042	1	0.591549296
86	128	0.07	0.022	27	13	4	2	0.06	1	0.857142857
86	130	0.096	0.024	24	12	4	4	0.078	1	0.8125
86	132	0.113	0.027	23	12	4	6	0.096	1	0.849557522
86	134	0.131	0.031	21	11	4	8	0.114	1	0.870229008
86	168	0.147	0.038	28	13	4	16	0.147	1	1
86	170	0.131	0.036	30	13	4	14	0.131	1	1
86	172	0.116	0.033	31	13	4	12	0.116	1	1
86	174	0.101	0.029	31	13	4	10	0.101	1	1
86	176	0.089	0.026	31	13	4	8	0.089	1	1
86	178	0.079	0.023	31	12	4	6	0.079	1	1
86	180	0.063	0.02	30	13	4	4	0.063	1	1
86	182	0.057	0.015	27	13	4	2	0.057	1	1
86	184	0.072	0.016	30	13	4	0	0.042	1	0.583333333
86	186	0.052	0.016	29	12	4	2	0.052	1	1
86	188	0.063	0.02	28	12	4	4	0.063	1	1
86	190	0.079	0.024	27	12	4	6	0.079	1	1
86	192	0.092	0.026	25	12	4	8	0.092	1	1
86	194	0.107	0.03	23	12	4	10	0.107	1	1
86	196	0.125	0.033	21	11	4	12	0.125	1	1
86	198	0.145	0.035	18	10	4	14	0.145	1	1
88	116	0.14	0.036	29	13	6	10	0.14	1	1
88	118	0.124	0.033	30	13	6	8	0.124	1	1
88	120	0.107	0.03	31	13	6	6	0.106	1	0.990654206
88	122	0.091	0.026	31	13	6	4	0.088	1	0.967032967
88	124	0.076	0.026	27	13	6	2	0.07	1	0.921052632
88	126	0.074	0.02	28	12	6	0	0.052	1	0.702702703
88	128	0.074	0.022	27	12	6	2	0.07	1	0.945945946
88	130	0.102	0.026	24	12	6	4	0.088	1	0.862745098
88	132	0.124	0.03	22	12	6	6	0.106	1	0.85483871
88	170	0.136	0.035	28	13	6	14	0.136	1	1
88	172	0.12	0.033	30	13	6	12	0.12	1	1
88	174	0.104	0.029	30	13	6	10	0.104	1	1
88	176	0.092	0.026	31	13	6	8	0.092	1	1
88	178	0.082	0.023	30	12	6	6	0.082	1	1
88	180	0.066	0.02	30	13	6	4	0.066	1	1
88	182	0.057	0.016	26	13	6	2	0.057	1	1
88	184	0.072	0.016	30	13	6	0	0.052	1	0.722222222
88	186	0.054	0.017	27	12	6	2	0.054	1	1
88	188	0.067	0.021	28	12	6	4	0.067	1	1
88	190	0.084	0.025	26	12	6	6	0.084	1	1
88	192	0.101	0.028	24	12	6	8	0.101	1	1
88	194	0.12	0.032	21	12	6	10	0.12	1	1
88	196	0.145	0.035	18	10	6	12	0.145	1	1
90	116	0.149	0.036	28	13	8	10	0.149	1	1
90	118	0.132	0.033	29	13	8	8	0.132	1	1
90	120	0.114	0.03	30	13	8	6	0.114	1	1
90	122	0.095	0.026	31	13	8	4	0.095	1	1
90	124	0.081	0.026	26	13	8	2	0.08	1	0.987654321
90	126	0.077	0.021	29	12	8	0	0.062	1	0.805194805
90	128	0.076	0.022	26	12	8	2	0.076	1	1
90	130	0.087	0.031	21	14	8	4	0.087	1	1
90	132	0.127	0.037	20	12	8	6	0.116	1	0.913385827
90	170	0.142	0.034	26	12	8	14	0.142	1	1
90	172	0.126	0.032	28	13	8	12	0.126	1	1
90	174	0.107	0.029	30	13	8	10	0.107	1	1
90	176	0.091	0.025	30	13	8	8	0.091	1	1
90	178	0.083	0.023	30	12	8	6	0.083	1	1
90	180	0.063	0.022	35	15	8	4	0.063	1	1
90	182	0.056	0.016	27	13	8	2	0.056	1	1
90	184	0.069	0.017	30	13	8	0	0.062	1	0.898550725
90	186	0.056	0.017	27	12	8	2	0.056	1	1
90	188	0.07	0.022	27	12	8	4	0.07	1	1
90	190	0.062	0.022	17	13	8	6	0.062	1	1
90	192	0.106	0.029	23	12	8	8	0.106	1	1
90	194	0.131	0.035	20	11	8	10	0.131	1	1
92	118	0.14	0.034	28	13	10	8	0.14	1	1
92	120	0.121	0.031	30	13	10	6	0.121	1	1
92	122	0.099	0.027	31	13	10	4	0.099	1	1
92	124	0.084	0.027	26	13	10	2	0.084	1	1
92	126	0.079	0.021	29	13	10	0	0.072	1	0.911392405
92	128	0.077	0.023	26	12	10	2	0.077	1	1
92	130	0.11	0.03	24	12	10	4	0.108	1	0.981818182
92	172	0.132	0.032	28	13	10	12	0.132	1	1
92	174	0.11	0.029	30	13	10	10	0.11	1	1
92	176	0.096	0.026	31	13	10	8	0.096	1	1
92	178	0.085	0.023	30	12	10	6	0.085	1	1
92	180	0.07	0.021	30	13	10	4	0.07	1	1
92	182	0.055	0.017	27	13	10	2	0.055	1	1
92	184	0.066	0.017	30	13	10	0	0.066	1	1
92	186	0.058	0.018	27	12	10	2	0.058	1	1
92	188	0.072	0.023	26	12	10	4	0.072	1	1
92	190	0.09	0.026	26	12	10	6	0.09	1	1
92	192	0.11	0.031	23	12	10	8	0.11	1	1
92	194	0.143	0.038	19	11	10	10	0.143	1	1
94	122	0.104	0.028	31	13	12	4	0.104	1	1
94	124	0.086	0.028	26	13	12	2	0.086	1	1
94	126	0.081	0.022	29	13	12	0	0.081	1	1
94	128	0.079	0.024	26	12	12	2	0.079	1	1
94	130	0.115	0.033	23	12	12	4	0.115	1	1
94	172	0.14	0.032	28	13	12	12	0.14	1	1
94	174	0.116	0.03	30	13	12	10	0.116	1	1
94	176	0.1	0.027	31	13	12	8	0.1	1	1
94	178	0.087	0.024	30	12	12	6	0.087	1	1
94	180	0.072	0.022	31	13	12	4	0.072	1	1
94	182	0.056	0.017	27	12	12	2	0.056	1	1
94	184	0.065	0.017	30	13	12	0	0.065	1	1
94	186	0.059	0.018	26	12	12	2	0.059	1	1
94	188	0.064	0.023	26	13	12	4	0.064	1	1
94	190	0.093	0.027	25	12	12	6	0.093	1	1
94	192	0.116	0.033	23	12	12	8	0.116	1	1
96	126	0.083	0.023	29	13	14	0	0.083	1	1
96	128	0.081	0.025	26	12	14	2	0.081	1	1
96	130	0.122	0.039	23	12	14	4	0.122	1	1
96	172	0.148	0.032	29	13	14	12	0.148	1	1
96	174	0.122	0.03	32	13	14	10	0.122	1	1
96	176	0.104	0.027	32	13	14	8	0.104	1	1
96	178	0.089	0.024	30	12	14	6	0.089	1	1
96	180	0.074	0.022	31	13	14	4	0.074	1	1
96	182	0.057	0.018	27	12	14	2	0.057	1	1
96	184	0.064	0.018	30	13	14	0	0.064	1	1
96	186	0.061	0.019	26	12	14	2	0.061	1	1
96	188	0.077	0.024	26	12	14	4	0.077	1	1
96	190	0.098	0.029	25	12	14	6	0.098	1	1
96	192	0.127	0.04	22	12	14	8	0.127	1	1
98	128	0.083	0.027	26	12	16	2	0.083	1	1
98	174	0.127	0.03	33	13	16	10	0.127	1	1
98	176	0.109	0.028	33	12	16	8	0.109	1	1
98	178	0.093	0.025	31	12	16	6	0.093	1	1
98	180	0.077	0.023	32	13	16	4	0.077	1	1
98	182	0.057	0.018	27	13	16	2	0.057	1	1
98	184	0.064	0.018	30	13	16	0	0.064	1	1
98	186	0.063	0.02	26	12	16	2	0.063	1	1
98	188	0.081	0.026	26	12	16	4	0.081	1	1
98	190	0.105	0.032	25	12	16	6	0.105	1	1
100	174	0.132	0.031	34	13	18	10	0.132	1	1
100	176	0.112	0.029	34	12	18	8	0.112	1	1
100	178	0.096	0.026	31	12	18	6	0.096	1	1
100	180	0.079	0.024	32	13	18	4	0.079	1	1
100	182	0.058	0.019	27	13	18	2	0.058	1	1
100	184	0.064	0.019	30	13	18	0	0.064	1	1
100	186	0.066	0.021	26	12	18	2	0.066	1	1
100	188	0.085	0.028	26	12	18	4	0.085	1	1
102	174	0.135	0.03	34	13	20	10	0.135	1	1
102	176	0.117	0.029	35	12	20	8	0.117	1	1
102	178	0.098	0.026	31	12	20	6	0.098	1	1
102	180	0.083	0.025	33	13	20	4	0.083	1	1
102	182	0.059	0.019	27	13	20	2	0.059	1	1
102	184	0.064	0.019	30	13	20	0	0.064	1	1
102	186	0.068	0.023	26	12	20	2	0.068	1	1
102	188	0.092	0.034	26	12	20	4	0.092	1	1
104	174	0.137	0.03	34	13	22	10	0.137	1	1
104	176	0.12	0.03	35	12	22	8	0.12	1	1
104	178	0.101	0.026	31	12	22	6	0.101	1	1
104	180	0.085	0.025	33	13	22	4	0.085	1	1
104	182	0.06	0.02	27	13	22	2	0.06	1	1
104	184	0.065	0.02	30	13	22	0	0.065	1	1
104	186	0.072	0.024	27	12	22	2	0.072	1	1
106	174	0.138	0.03	32	13	20	10	0.138	1	1
106	176	0.121	0.03	34	12	20	8	0.121	1	1
106	178	0.102	0.026	31	12	20	6	0.102	1	1
106	180	0.087	0.026	33	13	20	4	0.087	1	1
106	182	0.061	0.021	27	13	20	2	0.061	1	1
106	184	0.065	0.02	29	13	20	0	0.065	1	1
106	186	0.075	0.026	27	12	20	2	0.075	1	1
108	174	0.137	0.03	30	13	18	10	0.137	1	1
108	176	0.121	0.029	33	12	18	8	0.121	1	1
108	178	0.102	0.026	30	12	18	6	0.102	1	1
108	180	0.087	0.026	34	13	18	4	0.087	1	1
108	182	0.062	0.021	28	13	18	2	0.062	1	1
108	184	0.066	0.021	29	13	18	0	0.066	1	1
108	186	0.078	0.027	28	12	18	2	0.078	1	1
110	174	0.136	0.029	28	13	16	10	0.136	1	1
110	176	0.12	0.029	32	13	16	8	0.12	1	1
110	178	0.101	0.026	30	13	16	6	0.101	1	1
110	180	0.087	0.026	33	13	16	4	0.087	1	1
110	182	0.063	0.022	28	13	16	2	0.063	1	1
110	184	0.066	0.021	29	13	16	0	0.066	1	1
110	186	0.079	0.028	28	13	16	2	0.079	1	1
