#  Z   A El rea   betaSLO  DbetaSLO  betaSMLO DbetaSMLO   betadef   betapri  betayush betaRamanDbetaRaman
   6  12 C  0      0.0000    0.0000    0.0000    0.0000   -7.0000    0.5830   -0.2900    0.5820    0.0240
   6  14 C  3a     0.6433    0.0223    0.6275    0.0191   -7.0000   -7.0000   -0.2310    0.3600    0.0240
   6   0 C  0      0.0000    0.0000    0.0000    0.0000   -7.0000    0.5830   -0.2900    0.5820    0.0240
   8  16 O  0      0.0000    0.0000    0.0000    0.0000    0.0230    0.3490    0.0840    0.3640    0.0170
   8  18 O  3a     0.2784    0.0121    0.2804    0.0123    0.0230    0.3470    0.1570    0.3550    0.0080
   8   0 O  0      0.0000    0.0000    0.0000    0.0000    0.0230    0.3490    0.0840    0.3640    0.0170
  12  24 Mg 0      0.2402    0.0198    0.2645    0.0232    0.3560    0.6092    0.6100    0.6050    0.0080
  12  26 Mg 3a     0.3692    0.0055    0.3784    0.0059   -0.3570    0.4891    0.5310    0.4820    0.0100
  12   0 Mg 1a     0.0000    0.0000    0.0000    0.0000    0.3560    0.6092    0.6100    0.6050    0.0080
  14  28 Si 3a     0.1130    0.0113    0.1104    0.0145   -0.5830    0.4073   -0.3600    0.4070    0.0070
  14  30 Si 3a     0.0000    0.0000    0.0000    0.0000    0.0000    0.3108   -0.3210    0.3150    0.0070
  14   0 Si 0     -0.2385    0.0083   -0.2366    0.0083   -0.5830    0.4073   -0.3600    0.4070    0.0070
  16  32 S  0      0.0000    0.0000    0.0000    0.0000    0.0000    0.3102   -0.2100    0.3120    0.0070
  16  34 S  0      0.0000    0.0000    0.0000    0.0000    0.0000    0.2500   -0.2150    0.2520    0.0070
  16   0 S  0      0.0000    0.0000    0.0000    0.0000    0.0000    0.3102   -0.2100    0.3120    0.0070
  18  40 Ar 3a     0.0000    0.0000    0.0000    0.0000    0.0000    0.2519   -0.2000    0.2510    0.0150
  20  40 Ca 0      0.0000    0.0000    0.0000    0.0000    0.0000    0.1196    0.0800    0.1230    0.0110
  20  42 Ca 3a     0.0000    0.0000    0.0000    0.0000    0.0000    0.2312    0.1280    0.2470    0.0090
  20  44 Ca 3a     0.0000    0.0000    0.0000    0.0000    0.0000    0.2522    0.1470    0.2530    0.0050
  20  48 Ca 0      0.0000    0.0000    0.0000    0.0000    0.0000    0.1054    0.0807    0.1060    0.0180
  20   0 Ca 0      0.0000    0.0000    0.0000    0.0000    0.0000    0.1196    0.0800    0.1230    0.0110
  22  46 Ti 3a     0.0000    0.0000    0.0000    0.0000    0.0000    0.3175    0.2000    0.3170    0.0080
  22  48 Ti 3a     0.0000    0.0000    0.0000    0.0000    0.0000    0.2575    0.1900    0.2690    0.0070
  24  52 Cr 3a     0.0000    0.0000    0.0000    0.0000    0.0000    0.2170    0.1760    0.2230    0.0050
  26  54 Fe 0      0.0000    0.0000    0.0000    0.0000    0.0000    0.1930    0.1630    0.1950    0.0080
  28  58 Ni 3a     0.0000    0.0000    0.0000    0.0000    0.0000    0.1768    0.1700    0.1828    0.0026
  28  60 Ni 3a     0.1883    0.0216    0.1844    0.0345    0.0270    0.2052   -0.1780    0.2070    0.0017
  30  64 Zn 8      0.1965    0.0185    0.2067    0.0183    0.2130    0.2342   -0.1900    0.2420    0.0110
  32  70 Ge 0      0.0000    0.0000    0.0000    0.0000   -0.2370    0.2264   -0.1820    0.2245    0.0026
  32  72 Ge 0      0.0000    0.0000    0.0000    0.0000   -0.2160    0.2400   -0.2030    0.2424    0.0034
  32  74 Ge 8      0.1894    0.0212    0.2278    0.0242   -0.2140    0.2850    0.2400    0.2825    0.0028
  32  76 Ge 8      0.2352    0.1495    0.2283    0.2006    0.1440    0.2650    0.2470    0.2623    0.0039
  34  76 Se 0      0.0000    0.0000    0.0000    0.0000   -0.2310    0.3133    0.2620    0.3090    0.0037
  34  78 Se 8      0.2466    0.0226   -0.2344    0.0198    0.1410    0.2744    0.2500    0.2712    0.0036
  34  80 Se 5      0.0000    0.0000    0.0000    0.0000    0.1500    0.2314    0.2400    0.2318    0.0027
  34  82 Se 0      0.0000    0.0000    0.0000    0.0000    0.1480    0.1939    0.2420    0.1934    0.0027
  38   0 Sr 4      0.0000    0.0000    0.0000    0.0000    0.0450    0.1163    0.0860    0.1173    0.0032
  40  90 Zr 3a     0.0000    0.0000    0.0000    0.0000    0.0350    0.0907    0.0740    0.0894    0.0029
  40  92 Zr 4      0.0000    0.0000    0.0000    0.0000    0.0530    0.1009    0.1130    0.1027    0.0037
  40  94 Zr 4      0.0000    0.0000    0.0000    0.0000    0.0630    0.0882    0.1140    0.0900    0.0100
  42  92 Mo 3a     0.0000    0.0000    0.0000    0.0000    0.0350    0.1061   -0.0480    0.1058    0.0033
  42  94 Mo 4      0.0000    0.0000    0.0000    0.0000    0.0530    0.1525    0.0632    0.1509    0.0015
  42  96 Mo 4      0.0000    0.0000    0.0000    0.0000    0.0810    0.1740    0.0869    0.1720    0.0016
  42  98 Mo 4      0.0000    0.0000    0.0000    0.0000    0.1840    0.1692    0.0665    0.1683    0.0028
  42 100 Mo 9      0.0000    0.0000    0.0000    0.0000    0.2490    0.2340    0.0806    0.2309    0.0022
  46 108 Pd 0     -0.2160    0.0382   -0.1295    0.0310    0.1880    0.2437    0.1740    0.2430    0.0060
  46   0 Pd 4      0.0000    0.0000    0.0000    0.0000    0.1690    0.2294    0.1600    0.2290    0.0060
  48   0 Cd 4      0.0000    0.0000    0.0000    0.0000    0.1570    0.1888    0.1930    0.1903    0.0035
  50 112 Sn 4      0.0000    0.0000    0.0000    0.0000    0.0180    0.1207   -0.1160    0.1226    0.0036
  50 114 Sn 4      0.0000    0.0000    0.0000    0.0000    0.0000    0.1147   -0.1140    0.1210    0.0130
  50 116 Sn 4      0.0000    0.0000    0.0000    0.0000    0.0000    0.1110   -0.1140    0.1118    0.0016
  50 118 Sn 4      0.0000    0.0000    0.0000    0.0000    0.0000    0.1100   -0.1170    0.1105    0.0021
  50 120 Sn 4      0.0000    0.0000    0.0000    0.0000    0.0000    0.1063   -0.1200    0.1075    0.0011
  50 122 Sn 4a     0.0000    0.0000    0.0000    0.0000    0.0000    0.1027   -0.1220    0.1036    0.0011
  50 124 Sn 3a     0.0000    0.0000    0.0000    0.0000    0.0000    0.0942   -0.1220    0.0953    0.0011
  52 124 Te 6      0.0000    0.0000    0.0000    0.0000   -0.1120    0.1684    0.1420    0.1695    0.0009
  52 126 Te 6      0.0000    0.0000    0.0000    0.0000   -0.1030    0.1532    0.1350    0.1534    0.0016
  52 128 Te 6      0.0000    0.0000    0.0000    0.0000    0.0000    0.1358    0.1280    0.1363    0.0011
  52 130 Te 6      0.0000    0.0000    0.0000    0.0000    0.0000    0.1185    0.1200    0.1184    0.0014
  56 138 Ba 5      0.0000    0.0000    0.0000    0.0000    0.0000    0.0933   -0.1200    0.0933    0.0018
  56   0 Ba 4      0.0000    0.0000    0.0000    0.0000    0.0000    0.0933   -0.1200    0.0933    0.0018
  58 140 Ce 6      0.0000    0.0000    0.0000    0.0000    0.0000    0.1018   -0.1040    0.1015    0.0010
  58 142 Ce 6      0.0000    0.0000    0.0000    0.0000    0.0000    0.1245   -0.1640    0.1277    0.0008
  60 142 Nd 3a     0.0000    0.0000    0.0000    0.0000    0.0000    0.0917   -0.0737    0.0917    0.0010
  60 144 Nd 4      0.0000    0.0000    0.0000    0.0000    0.0000    0.1253   -0.1110    0.1237    0.0006
  60 146 Nd 4      0.0000    0.0000    0.0000    0.0000    0.1730    0.1512   -0.1370    0.1524    0.0025
  60 148 Nd 4      0.2283    0.0288   -0.1908    0.0323    0.2240    0.2004   -0.1690    0.2013    0.0037
  60 150 Nd 4      0.3167    0.0091    0.3131    0.0103    0.2700    0.2825   -0.2570    0.2853    0.0021
  62 144 Sm 4      0.0000    0.0000    0.0000    0.0000    0.0000    0.0869    0.0678    0.0874    0.0010
  62 148 Sm 4      0.0000    0.0000    0.0000    0.0000    0.1710    0.1416    0.1180    0.1423    0.0030
  62 150 Sm 4      0.0000    0.0000    0.0000    0.0000    0.2200    0.1929    0.1510    0.1931    0.0021
  62 152 Sm 4      0.2847    0.0043    0.2865    0.0045    0.2660    0.3065    0.2500    0.3064    0.0027
  62 154 Sm 0      0.2988    0.0433    0.3096    0.0399    0.3020    0.3404    0.3050    0.3410    0.0020
  64 152 Gd 4a     0.2643    0.0053    0.2494    0.0069    0.2170    0.2053    0.1610    0.2060    0.0090
  64 154 Gd 4a     0.2728    0.0052    0.2647    0.0060    0.2610    0.3113    0.2690    0.3120    0.0028
  64 156 Gd 0      0.2824    0.0309   -0.2627    0.0257    0.2950    0.3399    0.3170    0.3378    0.0018
  64 158 Gd 4a     0.2930    0.0058    0.2811    0.0065    0.2930    0.3510    0.3350    0.3484    0.0017
  64 160 Gd 3a     0.3210    0.0152    0.3173    0.0161    0.2980    0.3510    0.3440    0.3534    0.0020
  68 168 Er 0      0.2998    0.0330   -0.2668    0.0342    0.2920    0.3361    0.2810    0.3381    0.0029
  70 174 Yb 0     -0.2541    0.0238   -0.2427    0.0246    0.2720    0.3226    0.2900    0.3249    0.0016
  72 176 Hf 4      0.2849    0.0055    0.2878    0.0055    0.2620    0.2990    0.2690    0.2953    0.0028
  72 178 Hf 0     -0.2624    0.0224   -0.2443    0.0219    0.2590    0.2779    0.2620    0.2803    0.0017
  72 180 Hf 0     -0.2450    0.0304   -0.2273    0.0293    0.2560    0.2731    0.2620    0.2738    0.0035
  74 182 W  0      0.2629    0.0623   -0.1705    0.0326    0.2400    0.2485    0.2370    0.2508    0.0024
  74 184 W  0     -0.2612    0.0320   -0.2334    0.0417    0.2210    0.2339    0.2250    0.2362    0.0041
  74 186 W  0     -0.1510    0.0400   -0.1476    0.0470    0.2100    0.2257    0.2140    0.2257    0.0039
  76 186 Os 5      0.1724    0.0460   -0.1693    0.0455    0.2050    0.2056    0.2050    0.2000    0.0034
  76 188 Os 5      0.1810    0.0477   -0.1669    0.0424    0.1790    0.1844    0.1930    0.1862    0.0018
  76 190 Os 5     -0.1630    0.0639   -0.1654    0.0381    0.1530    0.1777    0.1750    0.1775    0.0023
  76 192 Os 5      0.1518    0.0547   -0.1543    0.0713    0.1450    0.1639    0.1670    0.1667    0.0012
  78 194 Pt 4     -0.1967    0.0438   -0.2263    0.0280   -0.1430    0.1421    0.1520    0.1426    0.0010
  78 196 Pt 4      0.1283    0.0324    0.0679    0.0169   -0.1350    0.1308    0.1460    0.1296    0.0008
  78 198 Pt 4      0.0000    0.0000    0.0000    0.0000   -0.1350    0.1137    0.1360    0.1141    0.0006
  82 206 Pb 4      0.0000    0.0000    0.0000    0.0000   -0.0080    0.0319    0.0370    0.0322    0.0003
  82 208 Pb 3a     0.0000    0.0000    0.0000    0.0000    0.0000    0.0541    0.0000    0.0553    0.0028
  82   0 Pb 2      0.0000    0.0000    0.0000    0.0000    0.0000    0.0541    0.0000    0.0553    0.0028
  90 232 Th 0      0.2804    0.0321    0.2740    0.0392    0.2310    0.2571    0.2420    0.2608    0.0014
  92 234 U  4      0.2705    0.0122    0.2747    0.0124    0.2410    0.2662    0.2240    0.2718    0.0026
  92 236 U  4      0.2763    0.0089    0.2759    0.0092    0.2380    0.2741    0.2190    0.2821    0.0018
  92 238 U  0      0.3035    0.0217    0.3000    0.0233    0.2360    0.2741    0.2200    0.2863    0.0024
  92   0 U  2      0.2934    0.0042    0.2998    0.0035    0.2360    0.2741    0.2200    0.2863    0.0024
