#    Z   A                                                               beta
     2   4 27420.00000  90.00000                                              

     2   6  1797.00000  25.00000                                                

     2   8  3590.00000  60.00000                                                

     2  10  3240.00000 200.00000                                                

     4   6  1670.00000  50.00000                                                

     4   8  3040.00000  30.00000                                                

     4  10  3368.03000   0.03000   0.0053   0.0006    0.181    0.021     1.14   

     4  12  2102.00000  12.00000                                                

     4  14  1590.00000 120.00000                                                

     6  10  3353.60000   0.70000   0.0064   0.0010    0.155    0.025     0.83   

     6  12  4438.91000   0.31000  0.00397  0.00033    0.060    0.005    0.582   

     6  14  7012.00000   4.00000  0.00187  0.00025   0.0131   0.0018    0.360   

     6  16  1766.00000  10.00000                                                

     6  18  1620.00000  20.00000                                                

     8  14  6590.00000  10.00000                                                

     8  16  6917.10000   0.60000  0.00406  0.00038   0.0064   0.0006    0.364   

     8  18  1982.07000   0.09000  0.00451  0.00020     2.96     0.13    0.355   

     8  20  1673.68000   0.15000  0.00281  0.00020     11.1      0.8    0.261   

     8  22  3190.00000  15.00000   0.0021   0.0008     0.69     0.28    0.208   

    10  16  1690.00000  70.00000                                                

    10  18  1887.30000   0.20000   0.0269   0.0026     0.64     0.06    0.694   

    10  20  1633.67400   0.01500   0.0340   0.0030     1.04     0.09    0.727   

    10  22  1274.54200   0.00700   0.0230   0.0010     5.29     0.23    0.562   

    10  24  1981.60000   0.40000    0.017    0.006     0.92     0.32     0.45   

    10  26  2018.20000   0.30000   0.0228   0.0041     0.55     0.10    0.498   

    10  28  1310.00000  20.00000    0.027    0.014      5.6      3.2     0.50   

    12  22  1246.30000   0.60000    0.037    0.013      4.2      1.5     0.58   

    12  24  1368.67500   0.00600   0.0432   0.0011     1.97     0.05    0.605   

    12  26  1808.73000   0.03000   0.0305   0.0013    0.692    0.030    0.482   

    12  28  1473.40000   0.60000    0.035    0.005     1.73     0.26    0.491   

    12  30  1482.20000   0.40000   0.0295   0.0026     1.95     0.17    0.431   

    12  32   885.50000   0.70000    0.039    0.007     19.9      3.6    0.473   

    12  34   670.00000  10.00000                                                

    14  26  1795.90000   0.20000   0.0356   0.0034     0.62     0.06    0.446   

    14  28  1779.03000   0.01100   0.0326   0.0012    0.703    0.026    0.407   

    14  30  2235.33000   0.03000   0.0215   0.0010    0.340    0.016    0.315   

    14  32  1941.50000   0.20000   0.0113   0.0033     1.43     0.42    0.217   

    14  34  3327.50000   0.50000   0.0085   0.0033     0.15     0.07    0.179   

    14  36  1399.00000  25.00000    0.019    0.006      4.5      1.7    0.259   

    14  38  1084.00000  20.00000    0.019    0.007       17        8    0.249   

    16  30  2210.60000   0.50000   0.0324   0.0041    0.242    0.030    0.338   

    16  32  2230.30000   0.20000   0.0300   0.0013    0.247    0.011    0.312   

    16  34  2127.56400   0.01300   0.0212   0.0012    0.443    0.025    0.252   

    16  36  3290.90000   0.30000   0.0104   0.0028    0.110    0.030    0.168   

    16  38  1292.00000   0.20000   0.0235   0.0030      4.9      0.6    0.246   

    16  40   900.00000  10.00000   0.0334   0.0036     21.1      3.4    0.284   

    16  42   890.00000  10.00000    0.040    0.006     18.9      3.9    0.300   

    16  44  1315.00000  15.00000    0.031    0.009      3.7      1.3    0.254   

    18  34  2090.90000   0.30000   0.0240   0.0040     0.44     0.07    0.238   

    18  36  1970.39000   0.05000   0.0300   0.0030    0.463    0.046    0.256   

    18  38  2167.47200   0.00900   0.0130   0.0010     0.66     0.05    0.163   

    18  40  1460.85900   0.00500   0.0330   0.0040     1.89     0.23    0.251   

    18  42  1208.20000   0.30000    0.043    0.010      3.9      0.9    0.275   

    18  44  1144.00000  17.00000   0.0345   0.0041      6.2      1.2    0.240   

    18  46  1550.00000  10.00000   0.0196   0.0039      2.4      0.6    0.175   

    20  38  2206.00000   5.00000   0.0096   0.0021     0.86     0.20    0.125   

    20  40  3904.38000   0.03000   0.0099   0.0017    0.047    0.008    0.123   

    20  42  1524.73000   0.03000   0.0420   0.0030     1.19     0.09    0.247   

    20  44  1157.04700   0.01500   0.0470   0.0020     4.19     0.18    0.253   

    20  46  1346.00000   0.30000   0.0182   0.0013     5.10     0.37    0.153   

    20  48  3831.72000   0.06000   0.0095   0.0032    0.059    0.020    0.106   

    20  50  1026.00000   1.00000                                                

    20  52  2563.00000   1.00000                                                

    22  42  1554.90000   0.80000    0.087    0.025     0.56     0.16    0.319   

    22  44  1082.99000   0.09000    0.065    0.016      4.5      1.1    0.268   

    22  46   889.28600   0.00300    0.095    0.005     7.74     0.41    0.317   

    22  48   983.51900   0.00500   0.0720   0.0040     6.18     0.34    0.269   

    22  50  1553.77800   0.00700   0.0290   0.0040     1.58     0.22    0.166   

    22  52  1049.73000   0.10000                                                

    24  48   752.16000   0.12000    0.136    0.021     12.7      1.9    0.337   

    24  50   783.30000   0.09000    0.108    0.006     12.8      0.8    0.293   

    24  52  1434.09000   0.01400   0.0660   0.0030    1.021    0.047    0.223   

    24  54   834.85500   0.00300   0.0870   0.0040     11.6      0.5    0.250   

    24  56  1006.61000   0.20000                                                

    26  50   810.00000  80.00000                                                

    26  52   849.60000   0.70000                                                

    26  54  1408.19000   0.19000    0.062    0.005     1.20     0.10    0.195   

    26  56   846.77600   0.00500   0.0980   0.0040     9.58     0.39   0.2392   

    26  58   810.78400   0.00800   0.1200   0.0040     9.71     0.32   0.2586   

    26  60   823.63000   0.15000    0.096    0.018     11.6      2.2    0.225   

    26  62   876.80000   0.30000                                                

    28  56  2700.60000   0.70000    0.060    0.012    0.049    0.010    0.173   

    28  58  1454.00000   0.10000   0.0695   0.0020    0.904    0.026   0.1828   

    28  60  1332.51800   0.00500   0.0933   0.0015    1.041    0.017   0.2070   

    28  62  1172.91000   0.09000   0.0890   0.0025     2.07     0.06   0.1978   

    28  64  1345.75000   0.05000    0.076    0.008     1.23     0.13    0.179   

    28  66  1425.10000   0.30000    0.062    0.009     1.13     0.16    0.158   

    28  68  2033.20000   0.20000    0.026    0.006     0.47     0.11    0.100   

    28  70  1259.60000   0.20000                                                

    30  60  1004.10000   0.50000                                                

    30  62   954.00000   0.40000    0.124    0.009     4.20     0.30    0.218   

    30  64   991.55000   0.05000    0.160    0.015     2.68     0.25    0.242   

    30  66  1039.39000   0.04000    0.135    0.010     2.50     0.19    0.218   

    30  68  1077.37000   0.04000    0.124    0.015     2.30     0.28    0.205   

    30  70   884.80000   0.10000    0.160    0.014     4.74     0.42    0.228   

    30  72   652.50000   0.30000                                                

    30  74   605.82000   0.05000                                                

    30  76   598.68000   0.10000                                                

    30  78   729.60000   0.50000                                                

    32  64   901.70000   0.30000                                                

    32  66   957.00000   0.09000    0.099    0.019      5.3      1.0    0.174   

    32  68  1015.99000   0.08000    0.143    0.021     2.70     0.40    0.206   

    32  70  1039.25000   0.06000   0.1760   0.0040    1.913    0.044   0.2245   

    32  72   834.01100   0.02000    0.213    0.006     4.75     0.13   0.2424   

    32  74   595.85000   0.00600    0.300    0.006    18.09     0.36   0.2825   

    32  76   562.93000   0.03000    0.268    0.008     26.9      0.8   0.2623   

    32  78   619.34000   0.13000                                                

    32  80   659.15000   0.04000                                                

    32  82  1348.04000   0.06000                                                

    34  68   854.20000   0.30000                                                

    34  70   944.60000   1.00000     0.38     0.08     1.50     0.30    0.309   

    34  72   862.08000   0.09000    0.207    0.025      4.2      0.5    0.224   

    34  74   634.75000   0.07000    0.387    0.008    10.22     0.22   0.3019   

    34  76   559.10200   0.00500    0.420    0.010    17.76     0.42   0.3090   

    34  78   613.72700   0.00300    0.335    0.009    13.98     0.38   0.2712   

    34  80   666.16000   0.08000    0.253    0.006    12.29     0.30   0.2318   

    34  82   654.69000   0.16000    0.182    0.005     18.6      0.5   0.1934   

    34  84  1454.42000   0.09000                                                

    34  86   704.10000   1.00000                                                

    36  72   709.10000   0.30000                                                

    36  74   455.80000   0.10000     0.84     0.10     25.0      3.0    0.419   

    36  76   423.96000   0.07000    0.824    0.024     36.0      1.0    0.409   

    36  78   455.04000   0.03000    0.633    0.039     33.0      2.0    0.352   

    36  80   616.61000   0.09000    0.370    0.021     12.4      0.7    0.265   

    36  82   776.52100   0.00300    0.223    0.010     6.49     0.29   0.2021   

    36  84   881.61500   0.00300    0.125    0.006     6.14     0.29   0.1489   

    36  86  1564.87000   0.09000    0.122    0.010    0.359    0.030    0.145   

    36  88   775.31000   0.04000                                                

    36  90   707.13000   0.05000                                                

    36  92   769.00000   2.00000                                                

    36  94   665.00000   2.00000                                                

    38  76   260.90000   0.20000                                                

    38  78   278.50000   1.00000     1.08     0.15      224       27    0.435   

    38  80   385.86000   0.04000    0.959    0.036     49.4      1.8    0.404   

    38  82   573.54000   0.08000    0.513    0.020     12.8      0.5    0.290   

    38  84   793.30000   0.09000    0.289    0.044      4.6      0.7    0.214   

    38  86  1076.68000   0.04000    0.128    0.014     2.23     0.24    0.140   

    38  88  1836.08700   0.00900    0.092    0.005    0.213    0.012   0.1173   

    38  90   831.68000   0.04000    0.113    0.034     10.0      3.0    0.127   

    38  92   814.98000   0.04000    0.114    0.048       12        5    0.124   

    38  94   836.91000   0.10000    0.118    0.047     10.0      4.0    0.125   

    38  96   814.93000   0.08000     0.24     0.14      7.0      4.0     0.17   

    38  98   144.22500   0.00600    1.282    0.039     4040      110    0.408   

    38 100   129.70000   0.50000     1.42     0.08     5640      230    0.423   

    38 102   126.00000   0.30000                                                

    40  80   289.90000   0.30000                                                

    40  82   407.30000   0.20000     0.91     0.09     40.0      4.0    0.367   

    40  84   540.00000   0.30000    0.438    0.025     20.3      1.1    0.251   

    40  86   751.75000   0.03000    0.166    0.031     10.6      2.0    0.151   

    40  88  1057.03000   0.04000     0.26     0.08     1.33     0.43    0.185   

    40  90  2186.27400   0.01500   0.0610   0.0040    0.135    0.009   0.0894   

    40  92   934.49000   0.05000    0.083    0.006      6.9      0.5   0.1027   

    40  94   918.75000   0.05000    0.066    0.014      9.9      2.1    0.090   

    40  96  1750.49800   0.01600    0.055    0.022     0.54     0.21    0.080   

    40  98  1222.93000   0.12000                                                

    40 100   212.53000   0.00900     1.11     0.06      790       40    0.355   

    40 102   151.77000   0.13000     1.66     0.34     2600      500    0.427   

    40 104   140.30000   1.00000                                                

    42  84   443.80000   0.30000                                                

    42  86   566.60000   0.40000                                                

    42  88   740.53000   0.05000                                                

    42  90   947.97000   0.09000                                                

    42  92  1509.49000   0.03000    0.097    0.006    0.539    0.033   0.1058   

    42  94   871.09600   0.01800   0.2030   0.0040     4.00     0.08   0.1509   

    42  96   778.24500   0.01200    0.271    0.005     5.27     0.10   0.1720   

    42  98   787.38400   0.01300    0.267    0.009     5.05     0.17   0.1683   

    42 100   535.57000   0.03000    0.516    0.010    17.89     0.35   0.2309   

    42 102   296.59700   0.01200    0.963    0.031      180        6    0.311   

    42 104   192.30000   0.20000     1.34     0.08     1040       60    0.362   

    42 106   171.54800   0.00800     1.31     0.07     1800      100    0.354   

    42 108   192.90000   1.00000      1.6      0.5      940      270     0.38   

    44  88   616.00000   2.00000                                                

    44  90   738.10000   1.00000                                                

    44  92   864.60000   1.00000                                                

    44  94  1430.51000   0.22000                                                

    44  96   832.57000   0.05000    0.251    0.010     4.07     0.16   0.1579   

    44  98   652.44000   0.04000    0.392    0.012     8.79     0.27   0.1947   

    44 100   539.50600   0.00500    0.490    0.005    18.15     0.19   0.2148   

    44 102   475.07900   0.02400    0.630    0.010    26.61     0.43   0.2404   

    44 104   358.02000   0.07000    0.820    0.012     83.4      1.3   0.2707   

    44 106   270.07000   0.04000     0.77     0.20      380      100    0.257   

    44 108   242.24000   0.07000     1.01     0.15      470       70    0.292   

    44 110   240.71000   0.10000     1.05     0.12      460       50    0.295   

    44 112   236.66000   0.17000     1.17     0.23      460       90    0.306   

    44 114   127.00000   1.00000                                                

    46  94   814.00000   2.00000                                                

    46  96  1415.40000   1.00000                                                

    46  98   863.10000   0.30000                                                

    46 100   665.56000   0.15000                                                

    46 102   556.43000   0.04000    0.460    0.030     16.6      1.1    0.196   

    46 104   555.81000   0.04000    0.535    0.035     14.4      0.9    0.209   

    46 106   511.85100   0.02300    0.660    0.035     17.6      0.9    0.229   

    46 108   433.93800   0.00500    0.760    0.040     34.7      1.8    0.243   

    46 110   373.81000   0.06000    0.870    0.040     63.5      3.0    0.257   

    46 112   348.79000   0.17000     0.66     0.11      121       20    0.220   

    46 114   332.50000   0.24000     0.38     0.12      290       90    0.164   

    46 116   340.60000   0.30000     0.62     0.18      153       43    0.207   

    46 118   378.40000   0.20000                                                

    48  98  1394.70000   0.30000                                                

    48 100  1004.50000   0.30000                                                

    48 102   776.55000   0.14000                                                

    48 104   658.00000   0.20000     0.41     0.11      8.8      2.5    0.174   

    48 106   632.64000   0.04000    0.410    0.020     9.81     0.48   0.1732   

    48 108   632.98600   0.01600    0.430    0.020     9.33     0.44   0.1752   

    48 110   657.76380   0.00010    0.450    0.020     7.36     0.33   0.1770   

    48 112   617.52000   0.01000    0.510    0.020     8.89     0.35   0.1862   

    48 114   558.45600   0.00200    0.545    0.020     13.7      0.5   0.1903   

    48 116   513.49000   0.01500    0.560    0.020     20.3      0.7   0.1906   

    48 118   487.77000   0.08000    0.568    0.044     26.0      2.0    0.190   

    48 120   505.90000   0.20000     0.48     0.06     26.0      3.0    0.172   

    48 122   569.45000   0.08000     0.58     0.27       15        7    0.182   

    48 124   613.33000   0.18000                                                

    48 126   652.00000   2.00000                                                

    50 102  1472.00000   2.00000                                                

    50 104  1260.10000   0.30000                                                

    50 106  1207.70000   0.50000                                                

    50 108  1206.07000   0.10000                                                

    50 110  1211.89000   0.15000                                                

    50 112  1256.85000   0.07000    0.240    0.014    0.544    0.032   0.1226   

    50 114  1299.92000   0.07000     0.24     0.05     0.48     0.10    0.121   

    50 116  1293.56000   0.00800    0.209    0.006    0.539    0.015   0.1118   

    50 118  1229.66600   0.01600    0.209    0.008    0.695    0.027   0.1105   

    50 120  1171.34000   0.19000   0.2020   0.0040    0.916    0.019   0.1075   

    50 122  1140.55000   0.03000   0.1920   0.0040    1.101    0.023   0.1036   

    50 124  1131.73900   0.01700   0.1660   0.0040    1.324    0.032   0.0953   

    50 126  1141.15000   0.04000                                                

    50 128  1168.83000   0.04000                                                

    50 130  1221.26000   0.05000                                                

    50 132  4041.10000   0.40000                                                

    50 134   725.00000   2.00000                                                

    52 108   625.40000   1.00000                                                

    52 110   657.70000   0.20000                                                

    52 112   689.01000   0.20000                                                

    52 114   708.90000   0.20000                                                

    52 116   678.92000   0.03000                                                

    52 118   605.70600   0.02000                                                

    52 120   560.43800   0.02000     0.77     0.16     10.0      2.1    0.201   

    52 122   564.11700   0.01400    0.660    0.006    10.76     0.10   0.1847   

    52 124   602.73100   0.00300    0.568    0.006     8.99     0.10   0.1695   

    52 126   666.33800   0.01200    0.475    0.010     6.52     0.14   0.1534   

    52 128   743.30000   0.10000    0.383    0.006     4.68     0.08   0.1363   

    52 130   839.49400   0.01700    0.295    0.007     3.31     0.08   0.1184   

    52 132   973.90000   0.10000                                                

    52 134  1279.04000   0.10000                                                

    52 136   605.91000   0.10000                                                

    52 138   443.10000   1.00000                                                

    54 112   466.00000   2.00000                                                

    54 114   449.70000   0.20000     0.93     0.06     23.8      1.6    0.221   

    54 116   393.50000   1.00000     1.21     0.06     35.1      1.3    0.249   

    54 118   337.32000   0.13000     1.40     0.07     65.0      3.0    0.265   

    54 120   322.40000   0.10000     1.73     0.11     66.0      4.0    0.291   

    54 122   331.18000   0.15000     1.40     0.06     71.0      3.0    0.259   

    54 124   354.14000   0.04000     0.96     0.06       75        5    0.212   

    54 126   388.63400   0.01000    0.770    0.025     58.8      1.9   0.1881   

    54 128   442.91000   0.00900    0.750    0.040     31.6      1.7   0.1836   

    54 130   536.08500   0.02200     0.65     0.05     14.2      1.1    0.169   

    54 132   667.72000   0.00300    0.460    0.030     6.68     0.44   0.1409   

    54 134   847.04100   0.02300     0.34     0.06      2.8      0.5    0.119   

    54 136  1313.02800   0.01000     0.36     0.06     0.30     0.05    0.122   

    54 138   588.82500   0.01800                                                

    54 140   376.65800   0.01500    0.324    0.014      163        7   0.1137   

    54 142   287.10000   0.20000                                                

    54 144   252.60000   1.00000                                                

    56 118   194.00000   2.00000                                                

    56 120   183.00000   0.50000                                                

    56 122   196.10000   0.30000     2.81     0.28      428       39    0.354   

    56 124   229.89000   0.10000     2.09     0.10      275       12    0.302   

    56 126   256.09000   0.07000     1.75     0.09      198       10    0.273   

    56 128   284.09000   0.08000     1.48     0.07      142        6    0.249   

    56 130   357.38000   0.08000    1.163    0.016     58.7      0.9   0.2183   

    56 132   464.58800   0.02400     0.86     0.06     21.8      1.5    0.186   

    56 134   604.72300   0.00190    0.658    0.007     7.62     0.08   0.1609   

    56 136   818.51500   0.01200    0.410    0.008     2.70     0.05   0.1258   

    56 138  1435.81800   0.01000    0.230    0.009    0.291    0.011   0.0933   

    56 140   602.35000   0.03000     0.45     0.19       14        6    0.126   

    56 142   359.59700   0.01400    0.699    0.037       95        5   0.1595   

    56 144   199.32600   0.00500     1.05     0.06     1060       60    0.194   

    56 146   181.05000   0.05000    1.355    0.048     1250       40   0.2180   

    56 148   141.70000   1.00000                                                

    58 124   142.00000   1.00000      3.7      0.9     1270      280    0.385   

    58 126   169.59000   0.03000     2.68     0.48      850      150    0.325   

    58 128   207.30000   1.00000     2.28     0.22      405       30    0.298   

    58 130   253.99000   0.19000     1.74     0.10      206       11    0.258   

    58 132   325.54000   0.16000     1.87     0.17       58        5    0.264   

    58 134   409.12000   0.10000     1.04     0.09     34.0      3.0    0.195   

    58 136   552.20000   0.11000     0.81     0.09      9.8      1.1    0.170   

    58 138   788.74400   0.00800    0.450    0.030     2.97     0.20   0.1259   

    58 140  1596.22700   0.02500    0.298    0.006   0.1321   0.0027   0.1015   

    58 142   641.28600   0.00900    0.480    0.006     7.80     0.10   0.1277   

    58 144   397.44100   0.00900     0.83     0.09       49        5    0.166   

    58 146   258.46000   0.03000     1.14     0.12      290       30    0.193   

    58 148   158.46800   0.00500     1.96     0.18     1500      130    0.251   

    58 150    97.10000   1.00000      3.3      0.8     4700     1000    0.320   

    58 152    81.70000   1.00000                                                

    60 128   133.66000   0.07000                                                

    60 130   158.00000   2.00000      4.1      1.8      860      350     0.37   

    60 132   212.62000   0.18000      3.5      0.6      240       40    0.349   

    60 134   294.30000   0.16000     1.83     0.37      100       20    0.249   

    60 136   373.60000   0.30000                                                

    60 138   520.10000   0.30000                                                

    60 140   773.73000   0.06000                                                

    60 142  1575.83000   0.15000    0.265    0.006   0.1584   0.0037   0.0917   

    60 144   696.51300   0.00500    0.491    0.005     5.04     0.05   0.1237   

    60 146   453.77000   0.05000    0.760    0.025     27.5      0.9   0.1524   

    60 148   301.70200   0.01600     1.35     0.05    115.2      4.4   0.2013   

    60 150   130.21000   0.08000    2.760    0.040     2139       45   0.2853   

    60 152    72.51000   0.19000     4.20     0.28     6060      330    0.349   

    60 154    70.80000   0.10000                                                

    60 156    66.90000   1.00000                                                

    62 130   122.00000   3.00000                                                

    62 132   131.00000   2.00000                                                

    62 134   163.00000   2.00000      4.2      0.6      600       50    0.366   

    62 136   254.91000   0.16000     2.73     0.27      128       12    0.293   

    62 138   346.90000   0.30000     1.41     0.23       57        9    0.208   

    62 140   530.70000   0.10000                                                

    62 142   768.00000   0.20000                                                

    62 144  1660.20000   0.40000    0.262    0.006   0.1235   0.0030   0.0874   

    62 146   747.11500   0.01300                                                

    62 148   550.26500   0.02300    0.720    0.030    11.14     0.47   0.1423   

    62 150   333.86300   0.00900    1.350    0.030     70.1      1.6   0.1931   

    62 152   121.78170   0.00030     3.46     0.06     2060       25   0.3064   

    62 154    81.97600   0.01800     4.36     0.05     4360       90   0.3410   

    62 156    75.89000   0.05000                                                

    62 158    72.80000   1.00000                                                

    62 160    70.60000   1.00000                                                

    64 138   220.90000   0.18000                                                

    64 140   328.60000   1.00000                                                

    64 142   515.30000   0.10000                                                

    64 144   743.00000   1.00000                                                

    64 146  1971.97000   0.22000                                                

    64 148   784.43000   0.01600                                                

    64 150   638.04500   0.01400                                                

    64 152   344.27890   0.00120     1.67     0.14     49.0      4.0    0.206   

    64 154   123.07140   0.00100     3.89     0.07     1710       20   0.3120   

    64 156    88.96660   0.00140     4.64     0.05     3270       60   0.3378   

    64 158    79.51000   0.00200     5.02     0.05     3730       70   0.3484   

    64 160    75.26000   0.01000     5.25     0.06     3910       80   0.3534   

    64 162    71.00000   7.00000                                                

    66 142   315.90000   0.40000                                                

    66 144   492.50000   0.30000                                                

    66 146   682.90000   0.30000                                                

    66 148  1677.30000   1.00000                                                

    66 150   803.40000   0.50000                                                

    66 152   613.81000   0.07000     0.43     0.23       15        8    0.097   

    66 154   334.58000   0.08000     2.39     0.13     39.0      2.0    0.237   

    66 156   137.83000   0.03000    3.710    0.040     1203       19   0.2929   

    66 158    98.91800   0.00100     4.66     0.05     2440       44   0.3255   

    66 160    86.78820   0.00040     5.13     0.11     2900       40   0.3387   

    66 162    80.66000   0.00200     5.35     0.11     3160       40   0.3430   

    66 164    73.39200   0.00500     5.60     0.05     3490       60   0.3481   

    66 166    76.58700   0.00100                                                

    68 144   330.00000  10.00000                                                

    68 148   646.60000   0.30000                                                

    68 150  1578.87000   0.18000                                                

    68 152   808.27000   0.10000                                                

    68 154   560.00000   1.00000                                                

    68 156   344.51000   0.06000     1.64     0.07     49.0      2.0   0.1890   

    68 158   192.15000   0.03000     3.05     0.24      400       30    0.255   

    68 160   125.80000   0.10000     4.38     0.20     1320       50    0.304   

    68 162   102.04000   0.03000     5.01     0.06     1993       40   0.3222   

    68 164    91.40000   0.02000     5.45     0.06     2303       45   0.3333   

    68 166    80.57700   0.00700     5.83     0.05     2672       47   0.3420   

    68 168    79.80400   0.00100     5.79     0.10     2730       70   0.3381   

    68 170    78.59100   0.02200     5.82     0.10     2780       70   0.3363   

    68 172    77.00000   0.40000                                                

    70 152  1531.40000   0.50000                                                

    70 154   821.30000   0.20000                                                

    70 156   536.40000   0.10000                                                

    70 158   358.20000   0.10000     1.87     0.23     36.1      4.3    0.194   

    70 160   243.10000   0.10000     2.66     0.16      159        9    0.230   

    70 162   166.85000   0.04000     3.53     0.15      600       30    0.263   

    70 164   123.36000   0.04000     4.38     0.26     1340       70    0.290   

    70 166   102.37000   0.03000     5.24     0.31     1780       90    0.315   

    70 168    87.73000   0.01000     5.58     0.30     2200       70    0.322   

    70 170    84.25474   0.00008     5.79     0.13     2300       30   0.3258   

    70 172    78.74270   0.00060     6.04     0.07     2430       50   0.3302   

    70 174    76.47100   0.00100     5.94     0.06     2570       49   0.3249   

    70 176    82.13000   0.02000     5.30     0.19     2610       70    0.305   

    70 178    84.00000   3.00000                                                

    72 154  1513.00000   2.00000                                                

    72 156   858.00000   2.00000                                                

    72 158   476.36000   0.11000                                                

    72 160   389.60000   1.00000                                                

    72 162   285.00000   1.00000     1.35     0.12      148       11    0.158   

    72 164   211.05000   0.05000     2.14     0.18      370       30    0.197   

    72 166   158.50000   0.30000     3.50     0.20      717       34    0.250   

    72 168   124.00000   0.20000     4.30     0.23     1280       50    0.275   

    72 170   100.80000   0.17000      5.3      1.2     1770      400    0.301   

    72 172    95.22000   0.04000     4.47     0.33     2240      140    0.276   

    72 174    90.98500   0.01900     4.88     0.31     2210      120    0.286   

    72 176    88.35100   0.02400     5.27     0.10     2140       60   0.2953   

    72 178    93.18000   0.00100     4.82     0.06     2145       44   0.2803   

    72 180    93.32600   0.00200     4.67     0.12     2210       40   0.2738   

    72 182    97.79000   0.09000                                                

    72 184   107.40000   0.50000                                                

    74 162   450.20000   0.30000                                                

    74 164   331.60000   0.30000                                                
    74 166   251.70000   0.20000                                                

    74 168   199.30000   0.20000     3.24     0.18      307       15    0.232   

    74 170   156.85000   0.14000     3.51     0.10      718       14   0.2400   

    74 172   123.20000   0.10000     5.02     0.48     1060       90    0.284   

    74 174   113.00000   0.10000     3.97     0.28     1650      100    0.251   

    74 176   109.08000   0.09000                                                

    74 178   106.06000   0.22000                                                

    74 180   103.55700   0.00700     4.25     0.24     1850       90    0.254   

    74 182   100.10600   0.00010     4.20     0.08     1990       20   0.2508   

    74 184   111.20800   0.00400     3.78     0.13     1790       50   0.2362   

    74 186   122.33000   0.07000     3.50     0.12     1540       40   0.2257   

    74 188   143.00000   2.00000                                                

    74 190   205.00000   2.00000                                                

    76 164   548.00000   0.90000                                                

    76 166   430.80000   0.90000                                                

    76 168   341.20000   0.20000                                                

    76 170   286.70000   0.14000                                                

    76 172   227.77000   0.09000     3.30     0.23      167       10    0.225   

    76 174   158.70000   0.20000      4.7      0.6      500       60    0.266   

    76 176   135.10000   0.40000                                                

    76 178   131.60000   0.30000                                                

    76 180   132.30000   0.30000      3.6      0.8     1210      250    0.226   

    76 182   127.00000   0.10000     3.86     0.35     1200      100    0.234   

    76 184   119.80000   0.09000     3.23     0.16     1650       70    0.213   

    76 186   137.15900   0.00800     2.90     0.10     1280       50   0.2000   

    76 188   155.02100   0.01100     2.55     0.05      992       24   0.1862   

    76 190   186.71800   0.00200     2.35     0.06      541       15   0.1775   

    76 192   205.79561   0.00006    2.100    0.030      405        7   0.1667   

    76 194   218.50900   0.00600                                                

    76 196   300.00000  20.00000                                                

    78 168   582.00000   2.00000                                                

    78 170   509.00000   2.00000                                                

    78 172   457.00000   2.00000                                                

    78 174   394.00000   2.00000                                                

    78 176   263.90000   1.00000     2.58     0.28      109       10    0.190   

    78 178   170.10000   1.00000                                                

    78 180   152.23000   0.24000     4.81     0.49      540       50    0.256   

    78 182   154.90000   0.10000                                                

    78 184   162.97000   0.08000     3.78     0.27      545       35    0.224   

    78 186   191.53000   0.04000     2.99     0.13      375       14   0.1979   

    78 188   265.63000   0.05000     2.69     0.49      104       19    0.186   

    78 190   295.80000   0.04000     1.75     0.22       95       12    0.149   

    78 192   316.50819   0.00001    1.870    0.040     63.4      1.4   0.1532   

    78 194   328.45300   0.01000    1.642    0.022     60.5      0.9   0.1426   

    78 196   355.68410   0.00200    1.375    0.016     49.2      0.6   0.1296   

    78 198   407.22000   0.05000    1.080    0.012    32.40     0.39   0.1141   

    78 200   470.10000   0.20000                                                

    80 176   613.30000   2.00000                                                

    80 178   558.30000   1.00000                                                

    80 180   434.10000   1.00000                                                

    80 182   351.80000   0.30000                                                

    80 184   366.51000   0.23000     2.05     0.49       30        7    0.160   

    80 186   405.33000   0.14000     1.41     0.24     26.0      4.3    0.132   

    80 188   412.80000   0.10000                                                

    80 190   416.40000   0.20000                                                

    80 192   422.80000   0.10000                                                

    80 194   428.00000   0.20000                                                

    80 196   425.98000   0.10000     1.15     0.05     24.4      1.1   0.1155   

    80 198   411.80249   0.00001    0.990    0.012    33.36     0.42   0.1065   

    80 200   367.94400   0.01000    0.853    0.011     67.0      0.9   0.0982   

    80 202   439.56200   0.01000    0.612    0.010     39.2      0.7   0.0826   

    80 204   436.55200   0.00800    0.427    0.007     58.1      1.0   0.0686   

    80 206  1068.54000   0.10000                                                

    82 182   888.30000   0.30000                                                

    82 184   701.50000   0.50000                                                

    82 186   662.40000   1.00000                                                

    82 188   723.90000   0.20000                                                

    82 190   773.80000   0.50000                                                

    82 192   853.60000   0.30000                                                

    82 194   965.35000   0.10000                                                

    82 196  1049.20000   0.09000                                                

    82 198  1063.50000   0.20000                                                

    82 200  1026.62000   0.15000                                                

    82 202   960.66000   0.04000                                                

    82 204   899.17100   0.02400   0.1620   0.0040     4.25     0.11   0.0412   

    82 206   803.10000   0.05000   0.1000   0.0020    12.10     0.25  0.03216  0

    82 208  4085.40000   0.30000    0.300    0.030  0.00121  0.00012   0.0553   

    82 210   799.70000   0.10000    0.051    0.015       27        8   0.0224   

    82 212   804.90000   0.50000                                                

    82 214   836.00000   2.00000                                                

    84 192   262.00000   2.00000                                                

    84 194   318.60000   0.20000                                                

    84 196   463.12000   0.09000                                                

    84 198   605.00000   0.10000                                                

    84 200   665.90000   0.10000                                                

    84 202   677.30000   0.20000                                                

    84 204   684.34200   0.01000                                                

    84 206   700.66000   0.03000                                                

    84 208   686.52800   0.02000                                                

    84 210  1181.40000   0.02000   0.0200   0.0040      9.2      1.8   0.0138   

    84 212   727.33000   0.00900                                                

    84 214   609.31600   0.00700                                                

    84 216   549.76000   0.04000                                                

    84 218   511.00000   2.00000                                                

    86 198   339.00000   2.00000                                                

    86 200   432.90000   0.20000                                                

    86 202   504.10000   0.30000                                                

    86 204   542.90000   0.30000                                                

    86 206   575.30000   0.10000                                                

    86 208   635.80000   0.20000                                                

    86 210   643.80000   0.10000                                                

    86 212  1273.80000   0.20000                                                

    86 214   694.70000   1.00000                                                

    86 216   461.90000   0.20000                                                

    86 218   324.22000   0.05000                                                

    86 220   240.98600   0.00600     1.86     0.07      212        7   0.1266   

    86 222   186.21100   0.01300     2.37     0.16      462       29   0.1419   

    88 206   474.30000   1.00000                                                

    88 208   520.20000   1.00000                                                

    88 210   603.30000   1.00000                                                

    88 212   629.30000   0.50000                                                

    88 214  1382.40000   1.00000                                                

    88 216   688.20000   0.20000                                                

    88 218   389.10000   0.20000     1.10     0.20       40        7    0.095   

    88 220   178.47000   0.12000                                                

    88 222   111.12000   0.02000     4.54     0.39      750       60    0.192   

    88 224    84.37300   0.00300     3.99     0.15     1080       30   0.1790   

    88 226    67.67000   0.01000     5.15     0.14      907       34   0.2022   

    88 228    63.82300   0.02000     5.99     0.28      793       29    0.217   

    88 230    57.40000   0.10000                                                

    90 216  1478.00000   2.00000                                                

    90 218   689.60000   0.60000                                                

    90 220   373.30000   0.30000                                                

    90 222   183.30000   1.00000     3.01     0.32      346       29    0.153   

    90 224    98.10000   0.30000                                                

    90 226    72.20000   0.04000     6.85     0.42      570       29    0.228   

    90 228    57.75900   0.00400     7.06     0.24      584       14   0.2301   

    90 230    53.20000   0.02000     8.04     0.10      521       12   0.2441   

    90 232    49.36900   0.00900     9.28     0.10      457       10   0.2608   

    90 234    49.55000   0.06000      8.0      0.7      534       43    0.241   

    92 226    80.50000   1.00000                                                

    92 228    59.00000  10.00000                                                

    92 230    51.72000   0.04000      9.7      1.2      375       43    0.262   

    92 232    47.57200   0.00700     10.0      1.0      366       29    0.264   

    92 234    43.49800   0.00100    10.66     0.20      345       10   0.2718   

    92 236    45.24200   0.00300    11.61     0.15      315        7   0.2821   

    92 238    44.91000   0.03000    12.09     0.20      303        8   0.2863   

    92 240    45.00000   1.00000                                                

    94 236    44.63000   0.10000                                                

    94 238    44.08000   0.03000    12.61     0.17      247        6   0.2861   

    94 240    42.82400   0.00800    13.02     0.30      241        8   0.2891   

    94 242    44.54000   0.02000    13.40     0.16      232        5   0.2917   

    94 244    46.00000   2.00000    13.68     0.16      226        6   0.2931   

    94 246    44.20000   0.40000                                                

    96 238    35.00000   8.00000                                                

    96 240    38.00000   5.00000     14.3      0.6      190       13    0.297   

    96 242    42.13000   0.01000                                                

    96 244    42.96500   0.01000    14.67     0.17    181.1      3.9   0.2972   

    96 246    42.85200   0.00500    14.94     0.19    180.8      4.1   0.2983   

    96 248    43.38000   0.03000    14.99     0.19    177.0      4.0   0.2972   

    96 250    43.00000   5.00000                                                

    98 244    40.00000   2.00000                                                

    98 248    41.53000   0.06000                                                

    98 250    42.72200   0.00500     16.0      1.6      145       16    0.299   

    98 252    45.72000   0.05000     16.7      1.1      136       10    0.304   

   100 248    44.00000   8.00000                                                

   100 250    44.00000   5.00000                                                

   100 252    46.60000   1.20000                                                

   100 254    44.98800   0.01000                                                

   100 256    48.10000   1.00000                                                
